# relative_time, cycles_done, cur_item, corpus_count, pending_total, pending_favs, map_size, saved_crashes, saved_hangs, max_depth, execs_per_sec, total_execs, edges_found
61, 0, 1, 114, 113, 3, 0.01%, 0, 0, 2, 423.98, 25502, 1075
66, 0, 1, 114, 113, 3, 0.01%, 0, 0, 2, 424.91, 27706, 1075
71, 0, 3, 172, 169, 56, 0.02%, 0, 0, 2, 390.02, 29677, 1312
76, 0, 3, 202, 199, 56, 0.02%, 0, 0, 2, 397.57, 31686, 1331
81, 0, 3, 217, 214, 56, 0.02%, 0, 0, 2, 406.07, 33756, 1338
86, 0, 3, 231, 228, 56, 0.02%, 0, 0, 2, 409.35, 35838, 1347
91, 0, 3, 233, 230, 56, 0.02%, 0, 0, 2, 413.72, 37940, 1352
96, 0, 3, 237, 234, 56, 0.02%, 0, 0, 2, 418.35, 40040, 1358
102, 0, 3, 237, 234, 56, 0.02%, 0, 0, 2, 423.66, 42240, 1358
107, 0, 3, 237, 234, 56, 0.02%, 0, 0, 2, 424.45, 44432, 1358
112, 0, 3, 237, 234, 56, 0.02%, 0, 0, 2, 424.69, 46632, 1358
117, 0, 3, 237, 234, 56, 0.02%, 0, 0, 2, 424.87, 48832, 1358
122, 0, 3, 246, 243, 56, 0.02%, 0, 0, 2, 418.59, 50927, 1364
127, 0, 3, 246, 243, 56, 0.02%, 0, 0, 2, 423.81, 53127, 1364
132, 0, 3, 246, 243, 56, 0.02%, 0, 0, 2, 424.82, 55327, 1364
138, 0, 3, 246, 243, 56, 0.02%, 0, 0, 2, 422.31, 57511, 1364
143, 0, 3, 246, 243, 56, 0.02%, 0, 0, 2, 425.64, 59711, 1364
148, 0, 8, 246, 242, 96, 0.02%, 0, 0, 2, 418.31, 61893, 1364
153, 0, 70, 251, 246, 96, 0.02%, 0, 0, 3, 413.41, 63967, 1366
158, 0, 70, 256, 251, 96, 0.02%, 0, 0, 3, 418.88, 66066, 1367
163, 0, 70, 258, 253, 96, 0.02%, 0, 0, 3, 421.64, 68184, 1369
168, 0, 70, 259, 254, 96, 0.02%, 0, 0, 3, 420.69, 70367, 1372
173, 0, 70, 259, 254, 96, 0.02%, 0, 0, 3, 423.23, 72567, 1372
178, 0, 70, 260, 255, 96, 0.02%, 0, 0, 3, 422.51, 74686, 1372
184, 0, 70, 261, 256, 96, 0.02%, 0, 0, 3, 423.16, 76877, 1373
189, 0, 70, 261, 256, 96, 0.02%, 0, 0, 3, 425.93, 79077, 1373
194, 0, 70, 261, 256, 96, 0.02%, 0, 0, 3, 426.29, 81277, 1373
199, 0, 70, 261, 256, 96, 0.02%, 0, 0, 3, 423.78, 83461, 1373
204, 0, 70, 261, 256, 96, 0.02%, 0, 0, 3, 425.46, 85661, 1373
209, 0, 70, 261, 256, 96, 0.02%, 0, 0, 3, 426.02, 87861, 1373
214, 0, 70, 261, 256, 96, 0.02%, 0, 0, 3, 426.27, 89993, 1373
219, 0, 202, 262, 255, 100, 0.02%, 0, 0, 3, 425.73, 92140, 1373
225, 0, 247, 262, 254, 100, 0.02%, 0, 0, 3, 421.89, 94289, 1373
230, 0, 205, 262, 253, 99, 0.02%, 0, 0, 3, 424.69, 96434, 1373
235, 0, 171, 263, 253, 99, 0.02%, 0, 0, 3, 422.65, 98547, 1374
240, 0, 91, 264, 253, 99, 0.02%, 0, 0, 3, 422.05, 100657, 1376
245, 0, 208, 264, 252, 98, 0.02%, 0, 0, 3, 423.59, 102852, 1376
250, 0, 244, 266, 253, 97, 0.02%, 0, 0, 3, 420.64, 105038, 1377
255, 0, 237, 266, 252, 96, 0.02%, 0, 0, 3, 421.43, 107160, 1377
260, 0, 196, 266, 251, 95, 0.02%, 0, 0, 3, 422.84, 109294, 1377
265, 0, 88, 267, 251, 94, 0.02%, 0, 0, 3, 424.82, 111506, 1377
270, 0, 107, 267, 249, 91, 0.02%, 0, 0, 3, 430.05, 113725, 1377
276, 0, 261, 267, 248, 91, 0.02%, 0, 0, 3, 426.67, 115883, 1377
281, 0, 246, 267, 247, 90, 0.02%, 0, 0, 3, 424.47, 118034, 1377
286, 0, 260, 267, 245, 88, 0.02%, 0, 0, 3, 412.45, 120144, 1377
291, 0, 216, 267, 244, 87, 0.02%, 0, 0, 3, 421.32, 122292, 1377
296, 0, 214, 268, 243, 86, 0.02%, 0, 0, 4, 424.91, 124394, 1378
301, 0, 214, 278, 253, 86, 0.02%, 0, 0, 4, 415.26, 126462, 1380
306, 0, 214, 283, 258, 86, 0.02%, 0, 0, 4, 416.53, 128569, 1382
311, 0, 214, 286, 261, 86, 0.02%, 0, 0, 4, 416.85, 130670, 1384
316, 0, 214, 289, 264, 86, 0.02%, 0, 0, 4, 417.86, 132787, 1385
321, 0, 214, 291, 266, 86, 0.02%, 0, 0, 4, 418.25, 134881, 1385
326, 0, 214, 291, 266, 86, 0.02%, 0, 0, 4, 423.58, 137081, 1385
331, 0, 214, 291, 266, 86, 0.02%, 0, 0, 4, 424.63, 139281, 1385
337, 0, 214, 291, 266, 86, 0.02%, 0, 0, 4, 425.25, 141481, 1385
342, 0, 214, 291, 266, 86, 0.02%, 0, 0, 4, 424.46, 143681, 1385
347, 0, 214, 291, 266, 86, 0.02%, 0, 0, 4, 424.45, 145883, 1385
352, 0, 69, 292, 264, 88, 0.02%, 0, 0, 4, 421.12, 148069, 1386
357, 0, 221, 292, 263, 87, 0.02%, 0, 0, 4, 425.73, 150227, 1386
362, 0, 203, 292, 262, 86, 0.02%, 0, 0, 4, 431.99, 152457, 1386
367, 0, 154, 292, 261, 85, 0.02%, 0, 0, 4, 433.96, 154639, 1386
373, 0, 55, 292, 260, 84, 0.02%, 0, 0, 4, 428.45, 156805, 1386
378, 0, 262, 292, 259, 83, 0.02%, 0, 0, 4, 423.76, 158920, 1386
383, 0, 252, 292, 258, 82, 0.02%, 0, 0, 4, 418.03, 161005, 1386
388, 0, 285, 292, 257, 81, 0.02%, 0, 0, 4, 424.53, 163233, 1386
393, 0, 112, 292, 255, 79, 0.02%, 0, 0, 4, 415.19, 165303, 1386
398, 0, 287, 292, 254, 78, 0.02%, 0, 0, 4, 421.93, 167435, 1386
403, 0, 66, 293, 254, 77, 0.02%, 0, 0, 4, 420.08, 169552, 1386
408, 0, 102, 294, 254, 76, 0.02%, 0, 0, 4, 416.66, 171639, 1387
413, 0, 15, 294, 253, 76, 0.02%, 0, 0, 4, 421.55, 173755, 1387
418, 0, 293, 296, 254, 75, 0.02%, 0, 0, 4, 423.44, 175946, 1388
423, 0, 234, 296, 252, 74, 0.02%, 0, 0, 4, 418.10, 178001, 1388
428, 0, 271, 299, 254, 73, 0.02%, 0, 0, 4, 420.37, 180120, 1389
433, 0, 271, 299, 254, 73, 0.02%, 0, 0, 4, 423.68, 182244, 1389
438, 0, 45, 299, 251, 72, 0.02%, 0, 0, 4, 423.90, 184363, 1389
443, 0, 258, 302, 253, 71, 0.02%, 0, 0, 4, 413.03, 186441, 1389
448, 0, 258, 302, 253, 71, 0.02%, 0, 0, 4, 421.72, 188565, 1389
453, 0, 62, 302, 251, 69, 0.02%, 0, 0, 4, 413.10, 190615, 1389
458, 0, 256, 302, 250, 68, 0.02%, 0, 0, 4, 415.76, 192703, 1389
463, 0, 129, 303, 250, 67, 0.02%, 0, 0, 4, 421.60, 194818, 1389
468, 0, 206, 304, 249, 66, 0.02%, 0, 0, 4, 424.18, 196948, 1390
474, 0, 86, 305, 249, 66, 0.02%, 0, 0, 4, 420.66, 199140, 1390
479, 0, 193, 305, 248, 65, 0.02%, 0, 0, 4, 424.11, 201300, 1390
484, 0, 281, 305, 247, 64, 0.02%, 0, 0, 4, 423.90, 203451, 1390
489, 0, 232, 305, 245, 62, 0.02%, 0, 0, 4, 424.98, 205550, 1390
494, 0, 34, 305, 244, 61, 0.02%, 0, 0, 4, 425.96, 207711, 1390
499, 0, 195, 307, 245, 60, 0.02%, 0, 0, 4, 420.23, 209874, 1391
504, 0, 57, 307, 244, 60, 0.02%, 0, 0, 4, 419.73, 211990, 1391
509, 0, 267, 307, 243, 59, 0.02%, 0, 0, 4, 427.66, 214218, 1391
514, 0, 267, 307, 243, 59, 0.02%, 0, 0, 4, 423.51, 216339, 1391
519, 0, 235, 308, 243, 58, 0.02%, 0, 0, 4, 422.97, 218541, 1391
525, 0, 220, 308, 242, 57, 0.02%, 0, 0, 4, 428.40, 220757, 1391
530, 0, 30, 308, 241, 56, 0.02%, 0, 0, 4, 413.01, 222836, 1391
535, 0, 83, 308, 240, 55, 0.02%, 0, 0, 4, 416.92, 224933, 1391
540, 0, 75, 309, 240, 54, 0.02%, 0, 0, 4, 419.61, 227105, 1391
545, 0, 72, 309, 239, 53, 0.02%, 0, 0, 4, 421.81, 229289, 1391
550, 0, 106, 309, 238, 52, 0.02%, 0, 0, 4, 414.90, 231354, 1391
555, 0, 80, 309, 237, 51, 0.02%, 0, 0, 4, 403.99, 233449, 1391
560, 0, 259, 309, 235, 49, 0.02%, 0, 0, 4, 385.82, 235333, 1391
566, 0, 103, 309, 234, 48, 0.02%, 0, 0, 4, 397.49, 237381, 1391
571, 0, 95, 309, 233, 47, 0.02%, 0, 0, 4, 416.31, 239496, 1391
576, 0, 241, 309, 232, 46, 0.02%, 0, 0, 4, 422.32, 241618, 1391
581, 0, 100, 309, 231, 45, 0.02%, 0, 0, 4, 423.28, 243761, 1391
586, 0, 39, 309, 230, 44, 0.02%, 0, 0, 4, 424.51, 245903, 1391
591, 0, 251, 309, 228, 42, 0.02%, 0, 0, 4, 425.66, 248124, 1391
596, 0, 49, 309, 227, 41, 0.02%, 0, 0, 4, 422.57, 250318, 1391
601, 0, 213, 309, 226, 40, 0.02%, 0, 0, 4, 425.86, 252540, 1391
606, 0, 253, 310, 226, 39, 0.02%, 0, 0, 4, 426.54, 254696, 1391
611, 0, 78, 310, 225, 38, 0.02%, 0, 0, 4, 427.01, 256855, 1391
616, 0, 178, 310, 223, 36, 0.02%, 0, 0, 4, 423.53, 258952, 1391
622, 0, 178, 311, 224, 36, 0.02%, 0, 0, 4, 424.05, 261151, 1391
627, 0, 275, 311, 222, 33, 0.02%, 0, 0, 4, 423.47, 263346, 1391
632, 0, 47, 311, 221, 32, 0.02%, 0, 0, 4, 421.45, 265461, 1391
637, 0, 142, 311, 220, 31, 0.02%, 0, 0, 4, 422.70, 267599, 1391
642, 0, 189, 311, 219, 30, 0.02%, 0, 0, 4, 422.77, 269727, 1391
647, 0, 227, 311, 217, 28, 0.02%, 0, 0, 4, 421.33, 271907, 1391
652, 0, 294, 311, 216, 27, 0.02%, 0, 0, 4, 424.97, 274108, 1391
657, 0, 294, 311, 216, 27, 0.02%, 0, 0, 4, 425.07, 276298, 1391
663, 0, 63, 311, 214, 25, 0.02%, 0, 0, 4, 421.96, 278408, 1391
668, 0, 140, 311, 213, 24, 0.02%, 0, 0, 4, 428.48, 280634, 1391
673, 0, 231, 312, 213, 23, 0.02%, 0, 0, 4, 430.09, 282859, 1392
678, 0, 64, 312, 211, 22, 0.02%, 0, 0, 4, 420.01, 284975, 1392
683, 0, 113, 312, 210, 21, 0.02%, 0, 0, 4, 420.76, 287153, 1392
688, 0, 123, 313, 210, 20, 0.02%, 0, 0, 4, 419.45, 289250, 1392
693, 0, 139, 314, 210, 19, 0.02%, 0, 0, 4, 425.38, 291471, 1392
699, 0, 240, 314, 209, 18, 0.02%, 0, 0, 4, 425.94, 293675, 1392
704, 0, 79, 314, 209, 18, 0.02%, 0, 0, 4, 428.41, 295892, 1392
709, 0, 111, 315, 209, 17, 0.02%, 0, 0, 4, 426.40, 298020, 1392
714, 0, 98, 315, 208, 16, 0.02%, 0, 0, 4, 429.79, 300175, 1392
719, 0, 296, 315, 207, 15, 0.02%, 0, 0, 4, 415.00, 302255, 1392
724, 0, 296, 315, 207, 15, 0.02%, 0, 0, 4, 422.61, 304448, 1392
729, 0, 280, 315, 205, 13, 0.02%, 0, 0, 4, 420.51, 306538, 1392
734, 0, 280, 315, 205, 13, 0.02%, 0, 0, 4, 423.60, 308734, 1392
739, 0, 94, 315, 204, 12, 0.02%, 0, 0, 4, 427.70, 310969, 1392
744, 0, 305, 318, 206, 11, 0.02%, 0, 0, 4, 423.01, 313107, 1392
750, 0, 315, 318, 204, 12, 0.02%, 0, 0, 4, 420.93, 315248, 1392
755, 0, 315, 318, 204, 12, 0.02%, 0, 0, 4, 424.09, 317458, 1392
760, 0, 316, 318, 203, 11, 0.02%, 0, 0, 4, 422.41, 319560, 1392
765, 0, 316, 319, 204, 11, 0.02%, 0, 0, 5, 423.93, 321769, 1392
770, 0, 283, 322, 206, 10, 0.02%, 0, 0, 5, 420.75, 323949, 1393
775, 0, 50, 322, 204, 9, 0.02%, 0, 0, 5, 425.59, 326126, 1393
780, 0, 137, 322, 203, 8, 0.02%, 0, 0, 5, 420.64, 328251, 1393
786, 0, 170, 322, 201, 6, 0.02%, 0, 0, 5, 411.30, 330392, 1393
791, 0, 90, 322, 200, 5, 0.02%, 0, 0, 5, 419.77, 332531, 1393
796, 0, 217, 322, 199, 4, 0.02%, 0, 0, 5, 419.89, 334664, 1393
801, 0, 149, 322, 198, 3, 0.02%, 0, 0, 5, 421.25, 336788, 1393
806, 0, 175, 322, 197, 2, 0.02%, 0, 0, 5, 423.85, 338912, 1393
811, 0, 175, 322, 197, 2, 0.02%, 0, 0, 5, 422.08, 341104, 1393
816, 0, 249, 322, 195, 0, 0.02%, 0, 0, 5, 415.50, 343177, 1393
821, 0, 249, 322, 195, 0, 0.02%, 0, 0, 5, 423.33, 345388, 1393
826, 0, 249, 322, 195, 0, 0.02%, 0, 0, 5, 426.15, 347604, 1393
831, 0, 249, 322, 195, 0, 0.02%, 0, 0, 5, 426.79, 349820, 1393
836, 0, 47, 322, 195, 0, 0.02%, 0, 0, 5, 425.43, 351950, 1393
841, 0, 47, 322, 195, 0, 0.02%, 0, 0, 5, 424.63, 354074, 1393
847, 0, 241, 322, 195, 0, 0.02%, 0, 0, 5, 424.75, 356210, 1393
852, 0, 241, 322, 195, 0, 0.02%, 0, 0, 5, 425.36, 358415, 1393
857, 0, 5, 322, 195, 0, 0.02%, 0, 0, 5, 425.28, 360627, 1393
862, 0, 142, 322, 195, 0, 0.02%, 0, 0, 5, 424.17, 362831, 1393
867, 0, 220, 322, 195, 0, 0.02%, 0, 0, 5, 424.08, 365038, 1393
873, 0, 220, 322, 195, 0, 0.02%, 0, 0, 5, 423.55, 367238, 1393
878, 0, 123, 322, 195, 0, 0.02%, 0, 0, 5, 423.40, 369439, 1393
883, 0, 123, 323, 196, 0, 0.02%, 0, 0, 5, 424.29, 371635, 1394
888, 0, 0, 324, 196, 0, 0.02%, 0, 0, 5, 418.38, 373721, 1394
893, 0, 0, 324, 196, 0, 0.02%, 0, 0, 5, 422.70, 375926, 1394
898, 0, 246, 324, 195, 0, 0.02%, 0, 0, 5, 422.18, 378058, 1394
903, 0, 246, 324, 195, 0, 0.02%, 0, 0, 5, 416.93, 380237, 1394
909, 0, 256, 324, 195, 0, 0.02%, 0, 0, 5, 420.26, 382358, 1394
914, 0, 71, 324, 195, 0, 0.02%, 0, 0, 5, 423.59, 384504, 1394
919, 0, 71, 324, 195, 0, 0.02%, 0, 0, 5, 426.00, 386643, 1394
924, 0, 303, 324, 195, 0, 0.02%, 0, 0, 5, 425.87, 388770, 1394
929, 0, 303, 324, 195, 0, 0.02%, 0, 0, 5, 426.71, 390994, 1394
934, 0, 303, 324, 195, 0, 0.02%, 0, 0, 5, 424.70, 393206, 1394
939, 0, 323, 326, 197, 0, 0.02%, 0, 0, 5, 422.70, 395323, 1394
944, 0, 323, 326, 197, 0, 0.02%, 0, 0, 5, 425.63, 397524, 1394
949, 0, 323, 326, 197, 0, 0.02%, 0, 0, 5, 426.30, 399740, 1394
955, 0, 323, 326, 197, 0, 0.02%, 0, 0, 5, 426.43, 401948, 1394
960, 0, 323, 326, 197, 0, 0.02%, 0, 0, 5, 426.35, 404167, 1394
965, 0, 113, 326, 197, 0, 0.02%, 0, 0, 5, 421.07, 406358, 1394
970, 0, 113, 326, 197, 0, 0.02%, 0, 0, 5, 425.75, 408582, 1394
975, 0, 113, 326, 197, 0, 0.02%, 0, 0, 5, 427.00, 410802, 1394
980, 0, 311, 326, 197, 0, 0.02%, 0, 0, 5, 426.12, 412932, 1394
985, 0, 311, 326, 197, 0, 0.02%, 0, 0, 5, 426.73, 415068, 1394
991, 0, 311, 326, 197, 0, 0.02%, 0, 0, 5, 426.87, 417288, 1394
996, 0, 241, 326, 197, 0, 0.02%, 0, 0, 5, 423.35, 419492, 1394
1001, 0, 227, 326, 197, 0, 0.02%, 0, 0, 5, 424.17, 421683, 1394
1006, 0, 227, 326, 197, 0, 0.02%, 0, 0, 5, 426.08, 423879, 1394
1011, 0, 227, 326, 197, 0, 0.02%, 0, 0, 5, 426.57, 426075, 1394
1016, 0, 227, 326, 197, 0, 0.02%, 0, 0, 5, 426.48, 428274, 1394
1022, 0, 251, 326, 197, 0, 0.02%, 0, 0, 5, 425.75, 430476, 1394
1027, 0, 251, 326, 197, 0, 0.02%, 0, 0, 5, 421.90, 432583, 1394
1032, 0, 257, 326, 197, 0, 0.02%, 0, 0, 5, 424.93, 434788, 1394
1037, 0, 113, 326, 196, 0, 0.02%, 0, 0, 5, 415.44, 436904, 1394
1042, 0, 83, 326, 196, 0, 0.02%, 0, 0, 5, 424.15, 439108, 1394
1047, 0, 83, 326, 196, 0, 0.02%, 0, 0, 5, 425.32, 441312, 1394
1052, 0, 83, 326, 196, 0, 0.02%, 0, 0, 5, 426.48, 443516, 1394
1057, 0, 83, 326, 196, 0, 0.02%, 0, 0, 5, 425.15, 445707, 1394
1063, 0, 83, 326, 196, 0, 0.02%, 0, 0, 5, 426.23, 447895, 1394
1068, 0, 311, 326, 196, 0, 0.02%, 0, 0, 5, 425.63, 450094, 1394
1073, 0, 311, 326, 196, 0, 0.02%, 0, 0, 5, 426.53, 452310, 1394
1078, 0, 2, 331, 201, 0, 0.02%, 0, 0, 5, 419.90, 454424, 1400
1083, 0, 2, 332, 202, 0, 0.02%, 0, 0, 5, 420.44, 456615, 1401
1088, 0, 2, 333, 203, 0, 0.02%, 0, 0, 5, 417.25, 458790, 1402
1094, 0, 2, 333, 203, 0, 0.02%, 0, 0, 5, 422.27, 460990, 1402
1099, 0, 2, 333, 203, 0, 0.02%, 0, 0, 5, 426.11, 463190, 1402
1104, 0, 2, 333, 203, 0, 0.02%, 0, 0, 5, 427.29, 465390, 1402
1109, 0, 2, 333, 203, 0, 0.02%, 0, 0, 5, 427.85, 467590, 1402
1114, 0, 2, 333, 203, 0, 0.02%, 0, 0, 5, 427.27, 469799, 1402
1119, 0, 2, 333, 203, 0, 0.02%, 0, 0, 5, 424.48, 472011, 1402
1125, 0, 2, 333, 203, 0, 0.02%, 0, 0, 5, 425.97, 474227, 1402
1130, 0, 327, 333, 202, 4, 0.02%, 0, 0, 5, 423.70, 476349, 1402
1135, 0, 332, 333, 201, 3, 0.02%, 0, 0, 5, 419.62, 478449, 1402
1140, 0, 331, 333, 199, 1, 0.02%, 0, 0, 5, 414.27, 480521, 1402
1145, 0, 332, 333, 198, 0, 0.02%, 0, 0, 5, 416.22, 482675, 1402
1150, 0, 332, 333, 198, 0, 0.02%, 0, 0, 5, 419.84, 484790, 1402
1155, 0, 252, 333, 198, 0, 0.02%, 0, 0, 5, 424.89, 486927, 1402
1160, 0, 252, 333, 198, 0, 0.02%, 0, 0, 5, 426.31, 489063, 1402
1165, 0, 246, 333, 198, 0, 0.02%, 0, 0, 5, 426.33, 491276, 1402
1170, 0, 287, 333, 198, 0, 0.02%, 0, 0, 5, 424.89, 493491, 1402
1175, 0, 287, 333, 198, 0, 0.02%, 0, 0, 5, 426.30, 495712, 1402
1181, 0, 106, 334, 199, 0, 0.02%, 0, 0, 5, 422.37, 497911, 1402
1186, 0, 107, 334, 199, 0, 0.02%, 0, 0, 5, 411.82, 500069, 1402
1191, 0, 107, 334, 199, 0, 0.02%, 0, 0, 5, 421.79, 502279, 1402
1196, 0, 107, 334, 199, 0, 0.02%, 0, 0, 5, 425.95, 504500, 1402
1201, 0, 320, 334, 199, 0, 0.02%, 0, 0, 5, 426.33, 506635, 1402
1206, 0, 320, 340, 205, 0, 0.02%, 0, 0, 5, 419.54, 508812, 1404
1212, 0, 320, 343, 208, 0, 0.02%, 0, 0, 5, 417.37, 510985, 1407
1217, 0, 320, 344, 209, 0, 0.02%, 0, 0, 5, 422.62, 513184, 1407
1222, 0, 320, 345, 210, 0, 0.02%, 0, 0, 5, 424.45, 515383, 1407
1227, 0, 320, 345, 210, 0, 0.02%, 0, 0, 5, 426.36, 517583, 1407
1232, 0, 320, 345, 210, 0, 0.02%, 0, 0, 5, 426.14, 519783, 1407
1238, 0, 320, 345, 210, 0, 0.02%, 0, 0, 5, 426.84, 521983, 1407
1243, 0, 320, 345, 210, 0, 0.02%, 0, 0, 5, 425.55, 524178, 1407
1248, 0, 320, 345, 210, 0, 0.02%, 0, 0, 5, 426.36, 526379, 1407
1253, 0, 320, 345, 210, 0, 0.02%, 0, 0, 5, 426.21, 528583, 1407
1258, 0, 320, 346, 211, 0, 0.02%, 0, 0, 5, 426.16, 530785, 1407
1263, 0, 320, 346, 211, 0, 0.02%, 0, 0, 5, 425.46, 532978, 1407
1268, 0, 320, 346, 211, 0, 0.02%, 0, 0, 5, 426.52, 535180, 1407
1274, 0, 320, 346, 211, 0, 0.02%, 0, 0, 5, 423.17, 537358, 1407
1279, 0, 344, 352, 216, 5, 0.02%, 0, 0, 6, 421.38, 539507, 1407
1284, 0, 344, 352, 216, 5, 0.02%, 0, 0, 6, 421.66, 541619, 1407
1289, 0, 344, 353, 217, 5, 0.02%, 0, 0, 6, 421.51, 543730, 1407
1294, 0, 344, 355, 219, 5, 0.02%, 0, 0, 6, 421.68, 545840, 1407
1299, 0, 344, 356, 220, 5, 0.02%, 0, 0, 6, 421.40, 547951, 1407
1304, 0, 344, 356, 220, 5, 0.02%, 0, 0, 6, 420.31, 550055, 1407
1309, 0, 344, 356, 220, 5, 0.02%, 0, 0, 6, 424.54, 552255, 1407
1314, 0, 344, 356, 220, 5, 0.02%, 0, 0, 6, 426.45, 554455, 1407
1319, 0, 344, 356, 220, 5, 0.02%, 0, 0, 6, 426.81, 556655, 1407
1324, 0, 344, 356, 220, 5, 0.02%, 0, 0, 6, 425.97, 558847, 1407
1330, 0, 344, 356, 220, 5, 0.02%, 0, 0, 6, 427.03, 561047, 1407
1335, 0, 344, 356, 220, 5, 0.02%, 0, 0, 6, 422.01, 563223, 1407
1340, 0, 344, 356, 220, 5, 0.02%, 0, 0, 6, 425.35, 565430, 1407
1345, 0, 136, 356, 218, 4, 0.02%, 0, 0, 6, 433.85, 567660, 1407
1350, 0, 334, 356, 217, 3, 0.02%, 0, 0, 6, 424.82, 569796, 1407
1355, 0, 334, 356, 217, 3, 0.02%, 0, 0, 6, 425.10, 572006, 1407
1360, 0, 355, 356, 216, 2, 0.02%, 0, 0, 6, 420.89, 574105, 1407
1366, 0, 355, 357, 217, 2, 0.02%, 0, 0, 7, 422.89, 576306, 1407
1371, 0, 342, 357, 216, 1, 0.02%, 0, 0, 7, 422.75, 578494, 1407
1376, 0, 342, 357, 216, 1, 0.02%, 0, 0, 7, 425.47, 580704, 1407
1381, 0, 352, 357, 215, 0, 0.02%, 0, 0, 7, 421.75, 582855, 1407
1386, 0, 352, 362, 220, 0, 0.02%, 0, 0, 7, 419.90, 584969, 1407
1391, 0, 352, 363, 221, 0, 0.02%, 0, 0, 7, 421.26, 587080, 1407
1396, 0, 352, 363, 221, 0, 0.02%, 0, 0, 7, 418.21, 589256, 1407
1402, 0, 352, 363, 221, 0, 0.02%, 0, 0, 7, 423.43, 591456, 1407
1407, 0, 352, 363, 221, 0, 0.02%, 0, 0, 7, 426.36, 593656, 1407
1412, 0, 352, 363, 221, 0, 0.02%, 0, 0, 7, 427.11, 595856, 1407
1417, 0, 352, 363, 221, 0, 0.02%, 0, 0, 7, 426.75, 598058, 1407
1422, 0, 352, 363, 221, 0, 0.02%, 0, 0, 7, 426.41, 600260, 1407
1427, 0, 352, 363, 221, 0, 0.02%, 0, 0, 7, 424.93, 602454, 1407
1432, 0, 352, 363, 221, 0, 0.02%, 0, 0, 7, 426.28, 604656, 1407
1438, 0, 352, 363, 221, 0, 0.02%, 0, 0, 7, 426.61, 606858, 1407
1443, 0, 352, 363, 221, 0, 0.02%, 0, 0, 7, 424.77, 609052, 1407
1448, 0, 352, 363, 221, 0, 0.02%, 0, 0, 7, 425.22, 611254, 1407
1453, 0, 311, 363, 221, 0, 0.02%, 0, 0, 7, 423.46, 613462, 1407
1458, 0, 112, 363, 221, 0, 0.02%, 0, 0, 7, 420.38, 615648, 1407
1463, 0, 246, 363, 221, 0, 0.02%, 0, 0, 7, 423.46, 617778, 1407
1469, 0, 355, 363, 221, 0, 0.02%, 0, 0, 7, 423.37, 619974, 1407
1474, 0, 355, 363, 221, 0, 0.02%, 0, 0, 7, 424.50, 622174, 1407
1479, 0, 355, 363, 221, 0, 0.02%, 0, 0, 7, 424.41, 624376, 1407
1484, 0, 355, 363, 221, 0, 0.02%, 0, 0, 7, 425.06, 626574, 1407
1489, 0, 355, 363, 221, 0, 0.02%, 0, 0, 7, 423.19, 628766, 1407
1495, 0, 355, 363, 221, 0, 0.02%, 0, 0, 7, 424.45, 630966, 1407
1500, 0, 203, 363, 221, 0, 0.02%, 0, 0, 7, 423.51, 633165, 1407
1505, 0, 203, 363, 221, 0, 0.02%, 0, 0, 7, 424.14, 635361, 1407
1510, 0, 203, 363, 221, 0, 0.02%, 0, 0, 7, 424.55, 637560, 1407
1515, 0, 203, 363, 221, 0, 0.02%, 0, 0, 7, 425.04, 639756, 1407
1520, 0, 355, 363, 221, 0, 0.02%, 0, 0, 7, 422.53, 641941, 1407
1526, 0, 355, 364, 222, 0, 0.02%, 0, 0, 7, 424.70, 644144, 1407
1531, 0, 355, 364, 222, 0, 0.02%, 0, 0, 7, 424.81, 646346, 1407
1536, 0, 355, 364, 222, 0, 0.02%, 0, 0, 7, 425.94, 648548, 1407
1541, 0, 355, 364, 222, 0, 0.02%, 0, 0, 7, 426.87, 650746, 1407
1546, 0, 355, 364, 222, 0, 0.02%, 0, 0, 7, 426.82, 652946, 1407
1551, 0, 355, 364, 222, 0, 0.02%, 0, 0, 7, 425.32, 655138, 1407
1557, 0, 193, 364, 222, 0, 0.02%, 0, 0, 7, 421.11, 657300, 1407
1562, 0, 193, 364, 222, 0, 0.02%, 0, 0, 7, 425.31, 659508, 1407
1567, 0, 193, 364, 222, 0, 0.02%, 0, 0, 7, 425.60, 661720, 1407
1572, 0, 193, 364, 222, 0, 0.02%, 0, 0, 7, 426.51, 663936, 1407
1577, 0, 205, 364, 222, 0, 0.02%, 0, 0, 7, 424.93, 666063, 1407
1582, 0, 205, 364, 222, 0, 0.02%, 0, 0, 7, 423.19, 668254, 1407
1587, 0, 330, 364, 222, 0, 0.02%, 0, 0, 7, 423.86, 670387, 1407
1593, 0, 330, 364, 222, 0, 0.02%, 0, 0, 7, 424.98, 672599, 1407
1598, 0, 106, 364, 222, 0, 0.02%, 0, 0, 7, 425.11, 674806, 1407
1603, 0, 251, 364, 222, 0, 0.02%, 0, 0, 7, 425.54, 677021, 1407
1608, 0, 323, 364, 222, 0, 0.02%, 0, 0, 7, 425.13, 679153, 1407
1613, 0, 257, 364, 222, 0, 0.02%, 0, 0, 7, 423.91, 681347, 1407
1618, 0, 113, 364, 222, 0, 0.02%, 0, 0, 7, 424.81, 683474, 1407
1623, 0, 95, 364, 222, 0, 0.02%, 0, 0, 7, 424.87, 685676, 1407
1629, 0, 95, 364, 222, 0, 0.02%, 0, 0, 7, 426.15, 687892, 1407
1634, 0, 95, 364, 222, 0, 0.02%, 0, 0, 7, 426.60, 690112, 1407
1639, 0, 95, 364, 222, 0, 0.02%, 0, 0, 7, 426.39, 692320, 1407
1644, 0, 129, 364, 222, 0, 0.02%, 0, 0, 7, 425.15, 694443, 1407
1649, 0, 129, 364, 222, 0, 0.02%, 0, 0, 7, 426.27, 696664, 1407
1654, 0, 129, 364, 222, 0, 0.02%, 0, 0, 7, 424.47, 698796, 1407
1659, 0, 55, 364, 222, 0, 0.02%, 0, 0, 7, 424.58, 701005, 1407
1664, 0, 55, 364, 222, 0, 0.02%, 0, 0, 7, 424.20, 703131, 1407
1669, 0, 55, 364, 222, 0, 0.02%, 0, 0, 7, 426.08, 705267, 1407
1674, 0, 247, 364, 222, 0, 0.02%, 0, 0, 7, 425.09, 707399, 1407
1680, 0, 206, 364, 222, 0, 0.02%, 0, 0, 7, 424.81, 709601, 1407
1685, 0, 206, 364, 222, 0, 0.02%, 0, 0, 7, 425.53, 711733, 1407
1690, 0, 206, 364, 222, 0, 0.02%, 0, 0, 7, 426.11, 713869, 1407
1695, 0, 129, 364, 222, 0, 0.02%, 0, 0, 7, 425.14, 716076, 1407
1700, 0, 129, 364, 222, 0, 0.02%, 0, 0, 7, 425.29, 718208, 1407
1705, 0, 103, 364, 222, 0, 0.02%, 0, 0, 7, 423.55, 720408, 1407
1710, 0, 103, 364, 222, 0, 0.02%, 0, 0, 7, 423.90, 722532, 1407
1715, 0, 103, 364, 222, 0, 0.02%, 0, 0, 7, 424.26, 724657, 1407
1720, 0, 50, 364, 222, 0, 0.02%, 0, 0, 7, 423.56, 726782, 1407
1725, 0, 50, 364, 222, 0, 0.02%, 0, 0, 7, 423.86, 728979, 1407
1730, 0, 39, 364, 222, 0, 0.02%, 0, 0, 7, 423.52, 731102, 1407
1735, 0, 39, 364, 222, 0, 0.02%, 0, 0, 7, 422.96, 733218, 1407
1740, 0, 39, 364, 222, 0, 0.02%, 0, 0, 7, 425.34, 735354, 1407
1746, 0, 249, 364, 222, 0, 0.02%, 0, 0, 7, 425.48, 737566, 1407
1751, 0, 265, 364, 222, 0, 0.02%, 0, 0, 7, 425.32, 739776, 1407
1756, 0, 265, 364, 222, 0, 0.02%, 0, 0, 7, 426.23, 741996, 1407
1761, 0, 171, 364, 222, 0, 0.02%, 0, 0, 7, 425.44, 744123, 1407
1766, 0, 171, 364, 222, 0, 0.02%, 0, 0, 7, 424.91, 746255, 1407
1771, 0, 171, 364, 222, 0, 0.02%, 0, 0, 7, 426.36, 748391, 1407
1776, 0, 15, 364, 222, 0, 0.02%, 0, 0, 7, 424.52, 750535, 1407
1781, 0, 193, 364, 222, 0, 0.02%, 0, 0, 7, 424.12, 752735, 1407
1786, 0, 193, 364, 222, 0, 0.02%, 0, 0, 7, 423.17, 754865, 1407
1791, 0, 193, 364, 222, 0, 0.02%, 0, 0, 7, 424.23, 757073, 1407
1796, 0, 193, 364, 222, 0, 0.02%, 0, 0, 7, 422.41, 759193, 1407
1802, 0, 72, 364, 222, 0, 0.02%, 0, 0, 7, 424.19, 761325, 1407
1807, 0, 257, 364, 222, 0, 0.02%, 0, 0, 7, 425.83, 763536, 1407
1812, 0, 189, 364, 222, 0, 0.02%, 0, 0, 7, 425.56, 765740, 1407
1817, 0, 189, 364, 222, 0, 0.02%, 0, 0, 7, 426.36, 767872, 1407
1822, 0, 189, 364, 222, 0, 0.02%, 0, 0, 7, 426.26, 770008, 1407
1827, 0, 323, 364, 222, 0, 0.02%, 0, 0, 7, 422.91, 772206, 1407
1832, 0, 62, 364, 222, 0, 0.02%, 0, 0, 7, 424.05, 774414, 1407
1837, 0, 62, 364, 222, 0, 0.02%, 0, 0, 7, 423.96, 776538, 1407
1842, 0, 62, 364, 222, 0, 0.02%, 0, 0, 7, 424.73, 778674, 1407
1847, 0, 256, 364, 222, 0, 0.02%, 0, 0, 7, 424.25, 780799, 1407
1852, 0, 352, 364, 222, 0, 0.02%, 0, 0, 7, 424.80, 782926, 1407
1858, 0, 352, 364, 222, 0, 0.02%, 0, 0, 7, 421.18, 785095, 1407
1863, 0, 71, 364, 222, 0, 0.02%, 0, 0, 7, 424.10, 787222, 1407
1868, 0, 103, 364, 222, 0, 0.02%, 0, 0, 7, 424.75, 789423, 1407
1873, 0, 103, 364, 222, 0, 0.02%, 0, 0, 7, 424.67, 791552, 1407
1878, 0, 103, 364, 222, 0, 0.02%, 0, 0, 7, 424.82, 793688, 1407
1883, 0, 241, 364, 222, 0, 0.02%, 0, 0, 7, 424.87, 795824, 1407
1888, 0, 112, 364, 222, 0, 0.02%, 0, 0, 7, 421.75, 798014, 1407
1893, 0, 154, 364, 222, 0, 0.02%, 0, 0, 7, 424.28, 800165, 1407
1898, 0, 154, 364, 222, 0, 0.02%, 0, 0, 7, 425.53, 802293, 1407
1903, 0, 247, 364, 222, 0, 0.02%, 0, 0, 7, 425.47, 804511, 1407
1908, 0, 154, 364, 222, 0, 0.02%, 0, 0, 7, 424.97, 806706, 1407
1914, 0, 154, 364, 222, 0, 0.02%, 0, 0, 7, 425.72, 808915, 1407
1919, 0, 323, 364, 222, 0, 0.02%, 0, 0, 7, 421.53, 811028, 1407
1924, 0, 15, 364, 222, 0, 0.02%, 0, 0, 7, 424.49, 813232, 1407
1929, 0, 98, 364, 222, 0, 0.02%, 0, 0, 7, 425.06, 815438, 1407
1934, 0, 98, 364, 222, 0, 0.02%, 0, 0, 7, 426.41, 817654, 1407
1939, 0, 98, 364, 222, 0, 0.02%, 0, 0, 7, 426.76, 819870, 1407
1945, 0, 98, 364, 222, 0, 0.02%, 0, 0, 7, 426.67, 822090, 1407
1950, 0, 244, 364, 222, 0, 0.02%, 0, 0, 7, 423.26, 824282, 1407
1955, 0, 291, 364, 222, 0, 0.02%, 0, 0, 7, 424.59, 826476, 1407
1960, 0, 291, 364, 222, 0, 0.02%, 0, 0, 7, 425.91, 828695, 1407
1965, 0, 291, 364, 222, 0, 0.02%, 0, 0, 7, 426.35, 830912, 1407
1971, 0, 291, 364, 222, 0, 0.02%, 0, 0, 7, 426.67, 833128, 1407
1976, 0, 86, 367, 225, 0, 0.02%, 0, 0, 7, 422.69, 835242, 1411
1981, 0, 86, 369, 227, 0, 0.02%, 0, 0, 7, 420.04, 837344, 1411
1986, 0, 86, 372, 230, 0, 0.02%, 0, 0, 7, 419.97, 839445, 1411
1991, 0, 86, 372, 230, 0, 0.02%, 0, 0, 7, 421.65, 841557, 1411
1996, 0, 86, 372, 230, 0, 0.02%, 0, 0, 7, 421.79, 843669, 1411
2001, 0, 86, 373, 231, 0, 0.02%, 0, 0, 7, 422.71, 845860, 1414
2006, 0, 86, 373, 231, 0, 0.02%, 0, 0, 7, 425.00, 848060, 1414
2011, 0, 86, 373, 231, 0, 0.02%, 0, 0, 7, 422.83, 850244, 1414
2016, 0, 86, 373, 231, 0, 0.02%, 0, 0, 7, 425.09, 852444, 1414
2021, 0, 86, 373, 231, 0, 0.02%, 0, 0, 7, 425.55, 854644, 1414
2027, 0, 86, 373, 231, 0, 0.02%, 0, 0, 7, 425.22, 856855, 1414
2032, 0, 86, 373, 231, 0, 0.02%, 0, 0, 7, 425.05, 858980, 1414
2037, 0, 367, 373, 230, 3, 0.02%, 0, 0, 7, 423.32, 861102, 1414
2042, 0, 369, 373, 229, 2, 0.02%, 0, 0, 7, 426.66, 863274, 1414
2047, 0, 372, 374, 229, 1, 0.02%, 0, 0, 7, 415.83, 865389, 1414
2052, 0, 294, 374, 228, 0, 0.02%, 0, 0, 7, 414.42, 867520, 1414
2057, 0, 294, 374, 228, 0, 0.02%, 0, 0, 7, 423.89, 869738, 1414
2062, 0, 294, 374, 228, 0, 0.02%, 0, 0, 7, 425.66, 871870, 1414
2067, 0, 331, 374, 228, 0, 0.02%, 0, 0, 7, 425.78, 874078, 1414
2072, 0, 331, 374, 228, 0, 0.02%, 0, 0, 7, 422.79, 876190, 1414
2077, 0, 331, 374, 228, 0, 0.02%, 0, 0, 7, 426.17, 878404, 1414
2083, 0, 193, 374, 228, 0, 0.02%, 0, 0, 7, 425.91, 880612, 1414
2088, 0, 323, 374, 228, 0, 0.02%, 0, 0, 7, 426.15, 882816, 1414
2093, 0, 366, 375, 229, 0, 0.02%, 0, 0, 7, 424.65, 885008, 1414
2098, 0, 366, 375, 229, 0, 0.02%, 0, 0, 7, 426.05, 887219, 1414
2103, 0, 366, 375, 229, 0, 0.02%, 0, 0, 7, 421.94, 889411, 1414
2109, 0, 366, 375, 229, 0, 0.02%, 0, 0, 7, 425.56, 891622, 1414
2114, 0, 299, 375, 229, 0, 0.02%, 0, 0, 7, 421.59, 893805, 1414
2119, 0, 299, 375, 229, 0, 0.02%, 0, 0, 7, 426.00, 896015, 1414
2124, 0, 256, 375, 228, 0, 0.02%, 0, 0, 7, 425.99, 898225, 1414
2129, 0, 104, 375, 228, 0, 0.02%, 0, 0, 7, 425.37, 900434, 1414
2134, 0, 104, 375, 228, 0, 0.02%, 0, 0, 7, 423.30, 902623, 1414
2139, 0, 104, 375, 228, 0, 0.02%, 0, 0, 7, 425.85, 904759, 1414
2145, 0, 91, 375, 228, 0, 0.02%, 0, 0, 7, 425.08, 906977, 1414
2150, 0, 91, 375, 228, 0, 0.02%, 0, 0, 7, 426.42, 909197, 1414
2155, 0, 91, 375, 228, 0, 0.02%, 0, 0, 7, 426.51, 911333, 1414
2160, 0, 90, 375, 228, 0, 0.02%, 0, 0, 7, 425.19, 913462, 1414
2165, 0, 90, 375, 228, 0, 0.02%, 0, 0, 7, 424.88, 915587, 1414
2170, 0, 90, 375, 228, 0, 0.02%, 0, 0, 7, 426.22, 917811, 1414
2175, 0, 247, 375, 228, 0, 0.02%, 0, 0, 7, 425.70, 920022, 1414
2180, 0, 113, 375, 228, 0, 0.02%, 0, 0, 7, 425.60, 922227, 1414
2186, 0, 240, 375, 228, 0, 0.02%, 0, 0, 7, 425.80, 924442, 1414
2191, 0, 95, 375, 228, 0, 0.02%, 0, 0, 7, 425.10, 926653, 1414
2196, 0, 95, 375, 228, 0, 0.02%, 0, 0, 7, 425.93, 928865, 1414
2201, 0, 95, 375, 228, 0, 0.02%, 0, 0, 7, 426.52, 931081, 1414
2206, 0, 95, 375, 228, 0, 0.02%, 0, 0, 7, 426.63, 933297, 1414
2212, 0, 323, 376, 229, 0, 0.02%, 0, 0, 7, 425.30, 935506, 1414
2217, 0, 303, 376, 229, 0, 0.02%, 0, 0, 7, 425.98, 937710, 1414
2222, 0, 208, 376, 229, 0, 0.02%, 0, 0, 7, 425.35, 939910, 1414
2227, 0, 208, 376, 229, 0, 0.02%, 0, 0, 7, 421.68, 942080, 1414
2232, 0, 208, 376, 229, 0, 0.02%, 0, 0, 7, 425.45, 944280, 1414
2238, 0, 208, 376, 229, 0, 0.02%, 0, 0, 7, 426.39, 946480, 1414
2243, 0, 208, 376, 229, 0, 0.02%, 0, 0, 7, 426.46, 948680, 1414
2248, 0, 208, 376, 229, 0, 0.02%, 0, 0, 7, 426.42, 950880, 1414
2253, 0, 246, 376, 229, 0, 0.02%, 0, 0, 7, 425.18, 953084, 1414
2258, 0, 331, 376, 229, 0, 0.02%, 0, 0, 7, 424.14, 955282, 1414
2263, 0, 302, 376, 229, 0, 0.02%, 0, 0, 7, 425.00, 957496, 1414
2269, 0, 302, 376, 229, 0, 0.02%, 0, 0, 7, 426.27, 959704, 1414
2274, 0, 302, 376, 229, 0, 0.02%, 0, 0, 7, 426.69, 961924, 1414
2279, 0, 302, 376, 229, 0, 0.02%, 0, 0, 7, 426.80, 964140, 1414
2284, 0, 106, 376, 229, 0, 0.02%, 0, 0, 7, 426.49, 966350, 1414
2289, 0, 322, 376, 229, 0, 0.02%, 0, 0, 7, 424.74, 968548, 1414
2295, 0, 189, 376, 229, 0, 0.02%, 0, 0, 7, 425.17, 970767, 1414
2300, 0, 355, 376, 229, 0, 0.02%, 0, 0, 7, 425.24, 972967, 1414
2305, 0, 355, 376, 229, 0, 0.02%, 0, 0, 7, 427.02, 975179, 1414
2310, 0, 2, 377, 230, 0, 0.02%, 0, 0, 7, 424.69, 977306, 1414
2315, 0, 2, 377, 230, 0, 0.02%, 0, 0, 7, 426.28, 979507, 1414
2320, 0, 2, 377, 230, 0, 0.02%, 0, 0, 7, 425.94, 981707, 1414
2325, 0, 2, 377, 230, 0, 0.02%, 0, 0, 7, 426.76, 983919, 1414
2331, 0, 323, 377, 230, 0, 0.02%, 0, 0, 7, 426.04, 986131, 1414
2336, 0, 311, 377, 230, 0, 0.02%, 0, 0, 7, 425.87, 988335, 1414
2341, 0, 95, 377, 230, 0, 0.02%, 0, 0, 7, 426.39, 990535, 1414
2346, 0, 95, 377, 230, 0, 0.02%, 0, 0, 7, 425.37, 992657, 1414
2351, 0, 95, 377, 230, 0, 0.02%, 0, 0, 7, 425.03, 994777, 1414
2356, 0, 288, 377, 230, 0, 0.02%, 0, 0, 7, 426.51, 996997, 1414
2361, 0, 288, 377, 230, 0, 0.02%, 0, 0, 7, 426.09, 999127, 1414
2366, 0, 288, 377, 230, 0, 0.02%, 0, 0, 7, 426.90, 1001351, 1414
2372, 0, 257, 377, 230, 0, 0.02%, 0, 0, 7, 427.07, 1003572, 1414
2377, 0, 311, 377, 230, 0, 0.02%, 0, 0, 7, 426.71, 1005772, 1414
2382, 0, 2, 377, 230, 0, 0.02%, 0, 0, 7, 424.16, 1007893, 1414
2387, 0, 2, 377, 230, 0, 0.02%, 0, 0, 7, 424.18, 1010022, 1414
2392, 0, 2, 378, 231, 0, 0.02%, 0, 0, 7, 424.52, 1012230, 1414
2397, 0, 2, 378, 231, 0, 0.02%, 0, 0, 7, 424.81, 1014429, 1414
2402, 0, 311, 378, 231, 0, 0.02%, 0, 0, 7, 424.08, 1016556, 1414
2407, 0, 50, 378, 231, 0, 0.02%, 0, 0, 7, 423.08, 1018744, 1414
2412, 0, 50, 378, 231, 0, 0.02%, 0, 0, 7, 423.62, 1020853, 1414
2418, 0, 355, 378, 231, 0, 0.02%, 0, 0, 7, 424.58, 1023057, 1414
2423, 0, 355, 378, 231, 0, 0.02%, 0, 0, 7, 426.23, 1025194, 1414
2428, 0, 112, 378, 231, 0, 0.02%, 0, 0, 7, 425.73, 1027406, 1414
2433, 0, 94, 378, 231, 0, 0.02%, 0, 0, 7, 425.50, 1029620, 1414
2438, 0, 311, 378, 231, 0, 0.02%, 0, 0, 7, 425.81, 1031824, 1414
2443, 0, 113, 378, 231, 0, 0.02%, 0, 0, 7, 425.04, 1034020, 1414
2449, 0, 247, 379, 232, 0, 0.02%, 0, 0, 7, 425.82, 1036223, 1414
2454, 0, 249, 379, 232, 0, 0.02%, 0, 0, 7, 425.88, 1038427, 1414
2459, 0, 136, 379, 232, 0, 0.02%, 0, 0, 7, 425.39, 1040562, 1414
2464, 0, 136, 379, 232, 0, 0.02%, 0, 0, 7, 423.25, 1042767, 1414
2469, 0, 71, 379, 232, 0, 0.02%, 0, 0, 7, 424.63, 1044898, 1414
2474, 0, 113, 379, 232, 0, 0.02%, 0, 0, 7, 422.65, 1047086, 1414
2479, 0, 367, 379, 232, 0, 0.02%, 0, 0, 7, 423.82, 1049287, 1414
2484, 0, 367, 381, 234, 0, 0.02%, 0, 0, 7, 423.55, 1051401, 1414
2489, 0, 367, 381, 234, 0, 0.02%, 0, 0, 7, 425.02, 1053536, 1414
2494, 0, 367, 381, 234, 0, 0.02%, 0, 0, 7, 424.99, 1055668, 1414
2499, 0, 257, 381, 234, 0, 0.02%, 0, 0, 7, 425.19, 1057806, 1414
2505, 0, 235, 381, 234, 0, 0.02%, 0, 0, 7, 421.84, 1059991, 1414
2510, 0, 235, 381, 234, 0, 0.02%, 0, 0, 7, 423.32, 1062179, 1414
2515, 0, 235, 381, 234, 0, 0.02%, 0, 0, 7, 424.54, 1064367, 1414
2520, 0, 235, 381, 234, 0, 0.02%, 0, 0, 7, 424.70, 1066555, 1414
2525, 0, 112, 381, 234, 0, 0.02%, 0, 0, 7, 423.08, 1068748, 1414
2530, 0, 112, 381, 234, 0, 0.02%, 0, 0, 7, 423.84, 1070880, 1414
2535, 0, 206, 381, 234, 0, 0.02%, 0, 0, 7, 422.37, 1072997, 1414
2540, 0, 206, 381, 234, 0, 0.02%, 0, 0, 7, 424.88, 1075124, 1414
2545, 0, 206, 381, 234, 0, 0.02%, 0, 0, 7, 425.52, 1077257, 1414
2550, 0, 285, 383, 236, 0, 0.02%, 0, 0, 7, 424.52, 1079374, 1417
2555, 0, 261, 383, 235, 1, 0.02%, 0, 0, 7, 420.70, 1081550, 1417
2561, 0, 261, 383, 235, 1, 0.02%, 0, 0, 7, 424.83, 1083762, 1417
2566, 0, 381, 383, 235, 1, 0.02%, 0, 0, 7, 420.88, 1085927, 1417
2571, 0, 113, 383, 234, 0, 0.02%, 0, 0, 7, 415.61, 1088083, 1417
2576, 0, 303, 383, 234, 0, 0.02%, 0, 0, 7, 423.48, 1090286, 1417
2581, 0, 66, 383, 234, 0, 0.02%, 0, 0, 7, 424.80, 1092481, 1417
2587, 0, 66, 383, 234, 0, 0.02%, 0, 0, 7, 425.96, 1094690, 1417
2592, 0, 84, 383, 234, 0, 0.02%, 0, 0, 7, 426.05, 1096890, 1417
2597, 0, 154, 383, 234, 0, 0.02%, 0, 0, 7, 423.28, 1099005, 1417
2602, 0, 311, 383, 234, 0, 0.02%, 0, 0, 7, 425.27, 1101209, 1417
2607, 0, 63, 383, 234, 0, 0.02%, 0, 0, 7, 425.22, 1103411, 1417
2612, 0, 63, 383, 234, 0, 0.02%, 0, 0, 7, 424.64, 1105547, 1417
2617, 0, 63, 383, 234, 0, 0.02%, 0, 0, 7, 425.15, 1107679, 1417
2622, 0, 107, 384, 235, 0, 0.02%, 0, 0, 7, 422.37, 1109805, 1418
2627, 0, 107, 385, 236, 0, 0.02%, 0, 0, 7, 421.61, 1111915, 1418
2632, 0, 383, 385, 236, 1, 0.02%, 0, 0, 7, 414.04, 1114025, 1418
2637, 0, 113, 385, 235, 0, 0.02%, 0, 0, 7, 424.59, 1116264, 1418
2642, 0, 47, 385, 235, 0, 0.02%, 0, 0, 7, 424.57, 1118384, 1418
2648, 0, 47, 385, 235, 0, 0.02%, 0, 0, 7, 423.91, 1120584, 1418
2653, 0, 323, 386, 236, 0, 0.02%, 0, 0, 7, 423.98, 1122788, 1418
2658, 0, 382, 386, 236, 0, 0.02%, 0, 0, 7, 421.42, 1124970, 1418
2663, 0, 382, 386, 236, 0, 0.02%, 0, 0, 7, 424.05, 1127172, 1418
2668, 0, 382, 386, 236, 0, 0.02%, 0, 0, 7, 424.69, 1129374, 1418
2674, 0, 382, 386, 236, 0, 0.02%, 0, 0, 7, 424.70, 1131576, 1418
2679, 0, 382, 386, 236, 0, 0.02%, 0, 0, 7, 425.20, 1133778, 1418
2684, 0, 382, 386, 236, 0, 0.02%, 0, 0, 7, 425.47, 1135980, 1418
2689, 0, 382, 386, 236, 0, 0.02%, 0, 0, 7, 424.03, 1138165, 1418
2694, 0, 50, 386, 236, 0, 0.02%, 0, 0, 7, 424.95, 1140369, 1418
2699, 0, 50, 386, 236, 0, 0.02%, 0, 0, 7, 424.53, 1142578, 1418
2705, 0, 251, 386, 236, 0, 0.02%, 0, 0, 7, 423.80, 1144782, 1418
2710, 0, 240, 386, 236, 0, 0.02%, 0, 0, 7, 425.65, 1146986, 1418
2715, 0, 171, 386, 236, 0, 0.02%, 0, 0, 7, 424.91, 1149192, 1418
2720, 0, 171, 386, 236, 0, 0.02%, 0, 0, 7, 422.42, 1151298, 1418
2725, 0, 171, 386, 236, 0, 0.02%, 0, 0, 7, 424.43, 1153503, 1418
2730, 0, 355, 386, 236, 0, 0.02%, 0, 0, 7, 423.66, 1155628, 1418
2735, 0, 355, 386, 236, 0, 0.02%, 0, 0, 7, 423.96, 1157748, 1418
2740, 0, 113, 386, 236, 0, 0.02%, 0, 0, 7, 424.44, 1159959, 1418
2746, 0, 240, 386, 236, 0, 0.02%, 0, 0, 7, 425.51, 1162169, 1418
2751, 0, 323, 386, 236, 0, 0.02%, 0, 0, 7, 424.96, 1164293, 1418
2756, 0, 257, 386, 236, 0, 0.02%, 0, 0, 7, 425.67, 1166498, 1418
2761, 0, 2, 386, 236, 0, 0.02%, 0, 0, 7, 424.80, 1168708, 1418
2766, 0, 2, 386, 236, 0, 0.02%, 0, 0, 7, 426.06, 1170916, 1418
2771, 0, 2, 386, 236, 0, 0.02%, 0, 0, 7, 426.82, 1173136, 1418
2777, 0, 2, 386, 236, 0, 0.02%, 0, 0, 7, 426.61, 1175352, 1418
2782, 0, 369, 388, 238, 0, 0.02%, 0, 0, 7, 423.35, 1177451, 1418
2787, 0, 369, 388, 238, 0, 0.02%, 0, 0, 7, 426.21, 1179674, 1418
2792, 0, 246, 388, 238, 0, 0.02%, 0, 0, 7, 425.73, 1181893, 1418
2797, 0, 241, 388, 238, 0, 0.02%, 0, 0, 7, 425.56, 1184097, 1418
2802, 0, 330, 388, 238, 0, 0.02%, 0, 0, 7, 425.50, 1186306, 1418
2807, 0, 330, 388, 238, 0, 0.02%, 0, 0, 7, 426.87, 1188445, 1418
2813, 0, 50, 388, 238, 0, 0.02%, 0, 0, 7, 424.39, 1190647, 1418
2818, 0, 50, 388, 238, 0, 0.02%, 0, 0, 7, 424.80, 1192775, 1418
2823, 0, 113, 388, 238, 0, 0.02%, 0, 0, 7, 425.32, 1194980, 1418
2828, 0, 78, 388, 238, 0, 0.02%, 0, 0, 7, 425.32, 1197108, 1418
2833, 0, 217, 388, 238, 0, 0.02%, 0, 0, 7, 426.13, 1199313, 1418
2838, 0, 311, 388, 238, 0, 0.02%, 0, 0, 7, 426.27, 1201517, 1418
2843, 0, 231, 388, 238, 0, 0.02%, 0, 0, 7, 425.37, 1203705, 1418
2849, 0, 311, 388, 238, 0, 0.02%, 0, 0, 7, 425.67, 1205909, 1418
2854, 0, 102, 388, 238, 0, 0.02%, 0, 0, 7, 426.15, 1208127, 1418
2859, 0, 343, 388, 238, 0, 0.02%, 0, 0, 7, 428.40, 1210359, 1418
2864, 0, 2, 388, 237, 0, 0.02%, 0, 0, 7, 416.41, 1212464, 1418
2869, 0, 2, 388, 237, 0, 0.02%, 0, 0, 7, 419.07, 1214646, 1418
2874, 0, 2, 388, 237, 0, 0.02%, 0, 0, 7, 425.26, 1216865, 1418
2880, 0, 2, 388, 237, 0, 0.02%, 0, 0, 7, 426.37, 1219082, 1418
2885, 0, 106, 388, 237, 0, 0.02%, 0, 0, 7, 426.58, 1221302, 1418
2890, 0, 260, 388, 237, 0, 0.02%, 0, 0, 7, 426.45, 1223499, 1418
2895, 0, 260, 388, 237, 0, 0.02%, 0, 0, 7, 426.35, 1225631, 1418
2900, 0, 50, 388, 237, 0, 0.02%, 0, 0, 7, 421.82, 1227836, 1418
2905, 0, 50, 388, 237, 0, 0.02%, 0, 0, 7, 425.41, 1230049, 1418
2911, 0, 113, 388, 237, 0, 0.02%, 0, 0, 7, 425.68, 1232265, 1418
2916, 0, 103, 388, 237, 0, 0.02%, 0, 0, 7, 425.69, 1234469, 1418
2921, 0, 50, 388, 237, 0, 0.02%, 0, 0, 7, 425.80, 1236687, 1418
2926, 0, 50, 388, 237, 0, 0.02%, 0, 0, 7, 426.72, 1238899, 1418
2931, 0, 193, 388, 237, 0, 0.02%, 0, 0, 7, 423.39, 1241020, 1418
2936, 0, 216, 388, 237, 0, 0.02%, 0, 0, 7, 423.77, 1243212, 1418
2941, 0, 216, 388, 237, 0, 0.02%, 0, 0, 7, 426.59, 1245424, 1418
2947, 0, 216, 388, 237, 0, 0.02%, 0, 0, 7, 426.61, 1247628, 1418
2952, 0, 216, 388, 237, 0, 0.02%, 0, 0, 7, 426.95, 1249840, 1418
2957, 0, 5, 389, 238, 0, 0.02%, 0, 0, 7, 425.48, 1252046, 1418
2962, 0, 113, 389, 238, 0, 0.02%, 0, 0, 7, 420.29, 1254234, 1418
2967, 0, 323, 389, 238, 0, 0.02%, 0, 0, 7, 424.70, 1256437, 1418
2973, 0, 383, 389, 238, 0, 0.02%, 0, 0, 7, 425.63, 1258652, 1418
2978, 0, 383, 389, 238, 0, 0.02%, 0, 0, 7, 426.15, 1260868, 1418
2983, 0, 383, 389, 238, 0, 0.02%, 0, 0, 7, 427.24, 1263088, 1418
2988, 0, 288, 389, 238, 0, 0.02%, 0, 0, 7, 426.36, 1265304, 1418
2993, 0, 90, 389, 238, 0, 0.02%, 0, 0, 7, 423.67, 1267492, 1418
2998, 0, 103, 389, 238, 0, 0.02%, 0, 0, 7, 426.00, 1269696, 1418
3004, 0, 246, 389, 238, 0, 0.02%, 0, 0, 7, 425.72, 1271900, 1418
3009, 0, 50, 389, 238, 0, 0.02%, 0, 0, 7, 425.10, 1274096, 1418
3014, 0, 112, 389, 238, 0, 0.02%, 0, 0, 7, 425.47, 1276310, 1418
3019, 0, 71, 389, 238, 0, 0.02%, 0, 0, 7, 425.75, 1278483, 1418
3024, 0, 323, 389, 238, 0, 0.02%, 0, 0, 7, 422.06, 1280663, 1418
3029, 0, 170, 389, 238, 0, 0.02%, 0, 0, 7, 424.46, 1282865, 1418
3035, 0, 170, 389, 238, 0, 0.02%, 0, 0, 7, 424.88, 1285077, 1418
3040, 0, 170, 389, 238, 0, 0.02%, 0, 0, 7, 426.60, 1287213, 1418
3045, 0, 260, 389, 238, 0, 0.02%, 0, 0, 7, 426.66, 1289432, 1418
3050, 0, 260, 389, 238, 0, 0.02%, 0, 0, 7, 426.63, 1291648, 1418
3055, 0, 113, 389, 238, 0, 0.02%, 0, 0, 7, 424.25, 1293858, 1418
3060, 0, 287, 389, 238, 0, 0.02%, 0, 0, 7, 424.84, 1296062, 1418
3066, 0, 331, 389, 238, 0, 0.02%, 0, 0, 7, 425.70, 1298266, 1418
3071, 0, 2, 389, 238, 0, 0.02%, 0, 0, 7, 425.86, 1300482, 1418
3076, 0, 2, 389, 238, 0, 0.02%, 0, 0, 7, 425.27, 1302611, 1418
3081, 0, 2, 389, 238, 0, 0.02%, 0, 0, 7, 426.80, 1304828, 1418
3086, 0, 2, 389, 238, 0, 0.02%, 0, 0, 7, 426.05, 1307036, 1418
3091, 0, 113, 389, 238, 0, 0.02%, 0, 0, 7, 426.71, 1309256, 1418
3097, 0, 261, 389, 238, 0, 0.02%, 0, 0, 7, 425.62, 1311460, 1418
3102, 0, 323, 389, 238, 0, 0.02%, 0, 0, 7, 423.77, 1313664, 1418
3107, 0, 63, 389, 238, 0, 0.02%, 0, 0, 7, 424.18, 1315865, 1418
3112, 0, 63, 389, 238, 0, 0.02%, 0, 0, 7, 424.75, 1318078, 1418
3117, 0, 63, 389, 238, 0, 0.02%, 0, 0, 7, 424.06, 1320203, 1418
3122, 0, 260, 389, 238, 0, 0.02%, 0, 0, 7, 423.87, 1322328, 1418
3127, 0, 260, 389, 238, 0, 0.02%, 0, 0, 7, 425.05, 1324533, 1418
3132, 0, 140, 389, 238, 0, 0.02%, 0, 0, 7, 424.59, 1326659, 1418
3138, 0, 125, 389, 238, 0, 0.02%, 0, 0, 7, 433.15, 1328904, 1418
3143, 0, 125, 389, 238, 0, 0.02%, 0, 0, 7, 427.91, 1331104, 1418
3148, 0, 332, 389, 237, 0, 0.02%, 0, 0, 7, 423.97, 1333290, 1418
3153, 0, 140, 389, 237, 0, 0.02%, 0, 0, 7, 425.40, 1335423, 1418
3158, 0, 113, 389, 237, 0, 0.02%, 0, 0, 7, 425.58, 1337628, 1418
3163, 0, 64, 389, 237, 0, 0.02%, 0, 0, 7, 426.11, 1339840, 1418
3168, 0, 140, 389, 237, 0, 0.02%, 0, 0, 7, 426.34, 1342045, 1418
3174, 0, 227, 389, 237, 0, 0.02%, 0, 0, 7, 425.16, 1344236, 1418
3179, 0, 227, 389, 237, 0, 0.02%, 0, 0, 7, 423.68, 1346432, 1418
3184, 0, 227, 389, 237, 0, 0.02%, 0, 0, 7, 425.95, 1348628, 1418
3189, 0, 227, 389, 237, 0, 0.02%, 0, 0, 7, 426.83, 1350832, 1418
3194, 0, 241, 389, 237, 0, 0.02%, 0, 0, 7, 425.44, 1353038, 1418
3200, 0, 103, 389, 237, 0, 0.02%, 0, 0, 7, 425.47, 1355242, 1418
3205, 0, 55, 389, 237, 0, 0.02%, 0, 0, 7, 425.63, 1357446, 1418
3210, 0, 55, 389, 237, 0, 0.02%, 0, 0, 7, 424.29, 1359647, 1418
3215, 0, 113, 389, 237, 0, 0.02%, 0, 0, 7, 424.54, 1361852, 1418
3220, 0, 342, 389, 237, 0, 0.02%, 0, 0, 7, 424.47, 1364052, 1418
3225, 0, 342, 389, 237, 0, 0.02%, 0, 0, 7, 424.87, 1366180, 1418
3230, 0, 253, 390, 238, 0, 0.02%, 0, 0, 7, 424.37, 1368380, 1418
3235, 0, 253, 390, 238, 0, 0.02%, 0, 0, 7, 424.95, 1370516, 1418
3240, 0, 253, 390, 238, 0, 0.02%, 0, 0, 7, 423.79, 1372632, 1418
3246, 0, 306, 390, 238, 0, 0.02%, 0, 0, 7, 423.78, 1374840, 1418
3251, 0, 352, 390, 238, 0, 0.02%, 0, 0, 7, 425.23, 1377045, 1418
3256, 0, 352, 390, 238, 0, 0.02%, 0, 0, 7, 426.46, 1379181, 1418
3261, 0, 112, 391, 239, 0, 0.02%, 0, 0, 7, 424.99, 1381316, 1418
3266, 0, 323, 391, 239, 0, 0.02%, 0, 0, 7, 425.26, 1383456, 1418
3271, 0, 291, 391, 239, 0, 0.02%, 0, 0, 7, 421.58, 1385634, 1418
3276, 0, 291, 391, 239, 0, 0.02%, 0, 0, 7, 424.89, 1387851, 1418
3281, 0, 2, 391, 239, 0, 0.02%, 0, 0, 7, 425.49, 1390052, 1418
3287, 0, 2, 392, 240, 0, 0.02%, 0, 0, 7, 424.15, 1392250, 1418
3292, 0, 2, 392, 240, 0, 0.02%, 0, 0, 7, 426.13, 1394467, 1418
3297, 0, 2, 392, 240, 0, 0.02%, 0, 0, 7, 426.07, 1396683, 1418
3302, 0, 2, 392, 240, 0, 0.02%, 0, 0, 7, 425.65, 1398891, 1418
3307, 0, 113, 392, 240, 0, 0.02%, 0, 0, 7, 425.22, 1401095, 1418
3313, 0, 217, 392, 240, 0, 0.02%, 0, 0, 7, 425.30, 1403299, 1418
3318, 0, 171, 392, 240, 0, 0.02%, 0, 0, 7, 425.78, 1405498, 1418
3323, 0, 171, 392, 240, 0, 0.02%, 0, 0, 7, 426.57, 1407634, 1418
3328, 0, 136, 393, 241, 0, 0.02%, 0, 0, 7, 424.87, 1409768, 1418
3333, 0, 103, 393, 240, 0, 0.02%, 0, 0, 7, 423.79, 1411946, 1418
3338, 0, 113, 393, 240, 0, 0.02%, 0, 0, 7, 412.94, 1414102, 1418
3343, 0, 323, 393, 240, 0, 0.02%, 0, 0, 7, 422.15, 1416308, 1418
3349, 0, 94, 393, 240, 0, 0.02%, 0, 0, 7, 424.72, 1418512, 1418
3354, 0, 102, 393, 240, 0, 0.02%, 0, 0, 7, 425.55, 1420706, 1418
3359, 0, 216, 393, 240, 0, 0.02%, 0, 0, 7, 425.63, 1422853, 1418
3364, 0, 216, 393, 240, 0, 0.02%, 0, 0, 7, 424.56, 1424992, 1418
3369, 0, 339, 393, 240, 0, 0.02%, 0, 0, 7, 424.04, 1427183, 1418
3374, 0, 339, 393, 240, 0, 0.02%, 0, 0, 7, 425.88, 1429385, 1418
3379, 0, 339, 393, 240, 0, 0.02%, 0, 0, 7, 426.44, 1431587, 1418
3384, 0, 339, 393, 240, 0, 0.02%, 0, 0, 7, 427.02, 1433789, 1418
3390, 0, 339, 393, 240, 0, 0.02%, 0, 0, 7, 427.03, 1435991, 1418
3395, 0, 339, 393, 240, 0, 0.02%, 0, 0, 7, 424.72, 1438176, 1418
3400, 0, 339, 393, 240, 0, 0.02%, 0, 0, 7, 425.49, 1440380, 1418
3405, 0, 246, 393, 240, 0, 0.02%, 0, 0, 7, 426.31, 1442584, 1418
3410, 0, 288, 393, 240, 0, 0.02%, 0, 0, 7, 425.79, 1444799, 1418
3416, 0, 137, 393, 240, 0, 0.02%, 0, 0, 7, 425.92, 1446988, 1418
3421, 0, 137, 394, 241, 0, 0.02%, 0, 0, 7, 426.21, 1449203, 1418
3426, 0, 154, 394, 241, 0, 0.02%, 0, 0, 7, 422.94, 1451396, 1418
3431, 0, 112, 394, 241, 0, 0.02%, 0, 0, 7, 424.88, 1453606, 1418
3436, 0, 246, 394, 241, 0, 0.02%, 0, 0, 7, 425.44, 1455741, 1418
3441, 0, 129, 394, 241, 0, 0.02%, 0, 0, 7, 425.41, 1457943, 1418
3446, 0, 311, 394, 241, 0, 0.02%, 0, 0, 7, 425.65, 1460147, 1418
3451, 0, 5, 394, 241, 0, 0.02%, 0, 0, 7, 425.57, 1462277, 1418
3457, 0, 142, 394, 241, 0, 0.02%, 0, 0, 7, 423.66, 1464465, 1418
3462, 0, 323, 394, 241, 0, 0.02%, 0, 0, 7, 424.76, 1466669, 1418
3467, 0, 323, 394, 241, 0, 0.02%, 0, 0, 7, 424.89, 1468873, 1418
3472, 0, 342, 394, 241, 0, 0.02%, 0, 0, 7, 425.65, 1471009, 1418
3477, 0, 330, 394, 241, 0, 0.02%, 0, 0, 7, 426.33, 1473227, 1418
3482, 0, 102, 394, 241, 0, 0.02%, 0, 0, 7, 426.26, 1475425, 1418
3487, 0, 287, 394, 241, 0, 0.02%, 0, 0, 7, 424.67, 1477547, 1418
3493, 1, 355, 394, 241, 0, 0.02%, 0, 0, 7, 425.86, 1479750, 1418
3498, 1, 355, 394, 241, 0, 0.02%, 0, 0, 7, 426.06, 1481887, 1418
3503, 1, 341, 394, 241, 0, 0.02%, 0, 0, 7, 429.73, 1484122, 1418
3508, 1, 341, 394, 241, 0, 0.02%, 0, 0, 7, 427.42, 1486332, 1418
3513, 1, 71, 394, 240, 0, 0.02%, 0, 0, 7, 425.74, 1488540, 1418
3518, 1, 216, 394, 240, 0, 0.02%, 0, 0, 7, 423.81, 1490730, 1418
3523, 1, 330, 394, 240, 0, 0.02%, 0, 0, 7, 426.21, 1492871, 1418
3529, 1, 91, 394, 240, 0, 0.02%, 0, 0, 7, 425.97, 1495065, 1418
3534, 1, 91, 394, 240, 0, 0.02%, 0, 0, 7, 426.32, 1497281, 1418
3539, 1, 357, 394, 240, 0, 0.02%, 0, 0, 7, 431.17, 1499437, 1418
3544, 1, 357, 395, 241, 0, 0.02%, 0, 0, 8, 427.64, 1501637, 1419
3549, 1, 63, 395, 239, 0, 0.02%, 0, 0, 8, 422.97, 1503757, 1419
3554, 1, 63, 395, 239, 0, 0.02%, 0, 0, 8, 424.98, 1505966, 1419
3559, 1, 311, 395, 239, 0, 0.02%, 0, 0, 8, 418.50, 1508072, 1419
3564, 1, 314, 395, 239, 0, 0.02%, 0, 0, 8, 432.86, 1510325, 1419
3569, 1, 113, 395, 238, 0, 0.02%, 0, 0, 8, 427.24, 1512465, 1419
3575, 1, 265, 395, 238, 0, 0.02%, 0, 0, 8, 426.14, 1514675, 1419
3580, 1, 355, 395, 238, 0, 0.02%, 0, 0, 8, 423.87, 1516784, 1419
3585, 1, 355, 395, 238, 0, 0.02%, 0, 0, 8, 426.29, 1519001, 1419
3590, 1, 392, 395, 238, 0, 0.02%, 0, 0, 8, 425.59, 1521205, 1419
3595, 1, 392, 395, 238, 0, 0.02%, 0, 0, 8, 425.78, 1523421, 1419
3600, 1, 392, 395, 238, 0, 0.02%, 0, 0, 8, 426.41, 1525641, 1419
3606, 1, 392, 395, 238, 0, 0.02%, 0, 0, 8, 427.16, 1527857, 1419
3611, 1, 192, 395, 238, 0, 0.02%, 0, 0, 8, 428.69, 1530021, 1419
3616, 1, 225, 395, 237, 0, 0.02%, 0, 0, 8, 430.00, 1532205, 1419
3621, 1, 103, 395, 236, 0, 0.02%, 0, 0, 8, 427.08, 1534417, 1419
3626, 1, 249, 395, 236, 0, 0.02%, 0, 0, 8, 426.21, 1536621, 1419
3631, 1, 310, 395, 236, 0, 0.02%, 0, 0, 8, 434.91, 1538857, 1419
3636, 1, 63, 395, 235, 0, 0.02%, 0, 0, 8, 428.79, 1541016, 1419
3641, 1, 63, 395, 235, 0, 0.02%, 0, 0, 8, 424.99, 1543209, 1419
3647, 1, 323, 395, 235, 0, 0.02%, 0, 0, 8, 424.77, 1545421, 1419
3652, 1, 322, 395, 235, 0, 0.02%, 0, 0, 8, 426.06, 1547625, 1419
3657, 1, 263, 395, 235, 0, 0.02%, 0, 0, 8, 426.34, 1549825, 1419
3662, 1, 217, 395, 235, 0, 0.02%, 0, 0, 8, 426.06, 1551958, 1419
3667, 1, 2, 395, 235, 0, 0.02%, 0, 0, 8, 424.91, 1554165, 1419
3672, 1, 2, 395, 235, 0, 0.02%, 0, 0, 8, 424.38, 1556277, 1419
3677, 1, 2, 395, 235, 0, 0.02%, 0, 0, 8, 425.98, 1558493, 1419
3683, 1, 2, 395, 235, 0, 0.02%, 0, 0, 8, 426.46, 1560704, 1419
3688, 1, 355, 395, 235, 0, 0.02%, 0, 0, 8, 425.48, 1562837, 1419
3693, 1, 355, 395, 235, 0, 0.02%, 0, 0, 8, 426.47, 1564973, 1419
3698, 1, 106, 395, 235, 0, 0.02%, 0, 0, 8, 425.75, 1567104, 1419
3703, 1, 323, 395, 235, 0, 0.02%, 0, 0, 8, 422.84, 1569202, 1419
3708, 1, 178, 395, 235, 0, 0.02%, 0, 0, 8, 424.95, 1571406, 1419
3713, 1, 178, 395, 235, 0, 0.02%, 0, 0, 8, 425.57, 1573610, 1419
3718, 1, 178, 395, 235, 0, 0.02%, 0, 0, 8, 426.42, 1575806, 1419
3723, 1, 178, 395, 235, 0, 0.02%, 0, 0, 8, 427.14, 1578005, 1419
3728, 1, 178, 395, 235, 0, 0.02%, 0, 0, 8, 427.05, 1580201, 1419
3734, 1, 323, 395, 235, 0, 0.02%, 0, 0, 8, 424.27, 1582383, 1419
3739, 1, 113, 395, 235, 0, 0.02%, 0, 0, 8, 422.11, 1584499, 1419
3744, 1, 71, 395, 235, 0, 0.02%, 0, 0, 8, 425.35, 1586703, 1419
3749, 1, 129, 395, 235, 0, 0.02%, 0, 0, 8, 425.86, 1588912, 1419
3754, 1, 262, 395, 235, 0, 0.02%, 0, 0, 8, 426.18, 1591115, 1419
3759, 1, 281, 395, 235, 0, 0.02%, 0, 0, 8, 425.33, 1593321, 1419
3764, 1, 281, 395, 235, 0, 0.02%, 0, 0, 8, 425.38, 1595526, 1419
3769, 1, 98, 395, 235, 0, 0.02%, 0, 0, 8, 426.41, 1597662, 1419
3775, 1, 98, 395, 235, 0, 0.02%, 0, 0, 8, 425.72, 1599875, 1419
3780, 1, 98, 395, 235, 0, 0.02%, 0, 0, 8, 426.18, 1602007, 1419
3785, 1, 107, 395, 235, 0, 0.02%, 0, 0, 8, 426.74, 1604143, 1419
3790, 1, 323, 395, 235, 0, 0.02%, 0, 0, 8, 425.85, 1606347, 1419
3795, 1, 158, 395, 235, 0, 0.02%, 0, 0, 8, 435.78, 1608589, 1419
3800, 1, 158, 395, 235, 0, 0.02%, 0, 0, 8, 428.53, 1610789, 1419
3805, 1, 2, 395, 234, 0, 0.02%, 0, 0, 8, 426.29, 1613003, 1419
3810, 1, 2, 395, 234, 0, 0.02%, 0, 0, 8, 425.74, 1615131, 1419
3816, 1, 2, 395, 234, 0, 0.02%, 0, 0, 8, 426.42, 1617339, 1419
3821, 1, 2, 395, 234, 0, 0.02%, 0, 0, 8, 426.83, 1619555, 1419
3826, 1, 107, 395, 234, 0, 0.02%, 0, 0, 8, 425.63, 1621755, 1419
3831, 1, 249, 395, 234, 0, 0.02%, 0, 0, 8, 426.41, 1623959, 1419
3836, 1, 137, 395, 234, 0, 0.02%, 0, 0, 8, 426.02, 1626160, 1419
3842, 1, 246, 395, 234, 0, 0.02%, 0, 0, 8, 426.45, 1628372, 1419
3847, 1, 216, 395, 234, 0, 0.02%, 0, 0, 8, 426.71, 1630590, 1419
3852, 1, 311, 395, 234, 0, 0.02%, 0, 0, 8, 426.77, 1632807, 1419
3857, 1, 113, 395, 234, 0, 0.02%, 0, 0, 8, 425.74, 1634996, 1419
3862, 1, 91, 395, 234, 0, 0.02%, 0, 0, 8, 425.52, 1637211, 1419
3867, 1, 323, 395, 234, 0, 0.02%, 0, 0, 8, 425.02, 1639417, 1419
3873, 1, 311, 395, 234, 0, 0.02%, 0, 0, 8, 425.86, 1641621, 1419
3878, 1, 104, 395, 234, 0, 0.02%, 0, 0, 8, 425.39, 1643817, 1419
3883, 1, 246, 395, 234, 0, 0.02%, 0, 0, 8, 421.76, 1646007, 1419
3888, 1, 296, 395, 234, 0, 0.02%, 0, 0, 8, 424.60, 1648208, 1419
3893, 1, 296, 395, 234, 0, 0.02%, 0, 0, 8, 426.50, 1650424, 1419
3899, 1, 296, 395, 234, 0, 0.02%, 0, 0, 8, 426.81, 1652640, 1419
3904, 1, 296, 395, 234, 0, 0.02%, 0, 0, 8, 426.87, 1654859, 1419
3909, 1, 113, 395, 234, 0, 0.02%, 0, 0, 8, 426.14, 1657068, 1419
3914, 1, 112, 395, 234, 0, 0.02%, 0, 0, 8, 422.73, 1659258, 1419
3919, 1, 113, 395, 234, 0, 0.02%, 0, 0, 8, 425.66, 1661472, 1419
3924, 1, 106, 395, 234, 0, 0.02%, 0, 0, 8, 425.97, 1663689, 1419
3930, 1, 222, 395, 234, 0, 0.02%, 0, 0, 8, 437.27, 1665949, 1419
3935, 1, 5, 395, 233, 0, 0.02%, 0, 0, 8, 427.46, 1668093, 1419
3940, 1, 106, 395, 233, 0, 0.02%, 0, 0, 8, 426.65, 1670301, 1419
3945, 1, 5, 395, 233, 0, 0.02%, 0, 0, 8, 423.30, 1672497, 1419
3950, 1, 216, 395, 233, 0, 0.02%, 0, 0, 8, 425.75, 1674639, 1419
3955, 1, 244, 395, 233, 0, 0.02%, 0, 0, 8, 426.05, 1676843, 1419
3960, 1, 103, 395, 233, 0, 0.02%, 0, 0, 8, 426.35, 1679053, 1419
3966, 1, 329, 395, 233, 0, 0.02%, 0, 0, 8, 426.40, 1681251, 1419
3971, 1, 95, 395, 233, 0, 0.02%, 0, 0, 8, 426.07, 1683395, 1419
3976, 1, 95, 395, 233, 0, 0.02%, 0, 0, 8, 422.85, 1685519, 1419
3981, 1, 95, 395, 233, 0, 0.02%, 0, 0, 8, 425.93, 1687655, 1419
3986, 1, 367, 395, 233, 0, 0.02%, 0, 0, 8, 425.73, 1689871, 1419
3991, 1, 206, 395, 233, 0, 0.02%, 0, 0, 8, 425.54, 1692075, 1419
3996, 1, 206, 395, 233, 0, 0.02%, 0, 0, 8, 425.31, 1694279, 1419
4001, 1, 171, 395, 233, 0, 0.02%, 0, 0, 8, 425.39, 1696483, 1419
4007, 1, 2, 396, 234, 0, 0.02%, 0, 0, 8, 422.10, 1698675, 1422
4012, 1, 2, 396, 234, 0, 0.02%, 0, 0, 8, 425.90, 1700882, 1422
4017, 1, 2, 396, 234, 0, 0.02%, 0, 0, 8, 426.50, 1703098, 1422
4022, 1, 2, 396, 234, 0, 0.02%, 0, 0, 8, 426.50, 1705318, 1422
4027, 1, 311, 396, 233, 0, 0.02%, 0, 0, 8, 421.41, 1707440, 1422
4032, 1, 82, 396, 233, 0, 0.02%, 0, 0, 8, 424.04, 1709639, 1422
4038, 1, 178, 397, 233, 0, 0.02%, 0, 0, 8, 420.27, 1711775, 1422
4043, 1, 178, 397, 233, 0, 0.02%, 0, 0, 8, 424.23, 1713983, 1422
4048, 1, 178, 397, 233, 0, 0.02%, 0, 0, 8, 426.60, 1716118, 1422
4053, 1, 216, 397, 233, 0, 0.02%, 0, 0, 8, 426.37, 1718258, 1422
4058, 1, 216, 397, 233, 0, 0.02%, 0, 0, 8, 425.93, 1720397, 1422
4063, 1, 85, 397, 233, 0, 0.02%, 0, 0, 8, 426.27, 1722605, 1422
4068, 1, 237, 397, 233, 0, 0.02%, 0, 0, 8, 424.28, 1724733, 1422
4073, 1, 237, 397, 233, 0, 0.02%, 0, 0, 8, 425.99, 1726954, 1422
4078, 1, 352, 397, 233, 0, 0.02%, 0, 0, 8, 425.76, 1729158, 1422
4083, 1, 288, 397, 233, 0, 0.02%, 0, 0, 8, 426.48, 1731295, 1422
4089, 1, 319, 397, 233, 0, 0.02%, 0, 0, 8, 433.08, 1733515, 1422
4094, 1, 319, 397, 233, 0, 0.02%, 0, 0, 8, 428.73, 1735732, 1422
4099, 1, 246, 397, 232, 0, 0.02%, 0, 0, 8, 422.00, 1737916, 1422
4104, 1, 107, 397, 232, 0, 0.02%, 0, 0, 8, 424.78, 1740119, 1422
4109, 1, 107, 397, 232, 0, 0.02%, 0, 0, 8, 425.27, 1742321, 1422
4114, 1, 83, 398, 233, 0, 0.02%, 0, 0, 8, 423.98, 1744486, 1422
4119, 1, 83, 398, 233, 0, 0.02%, 0, 0, 8, 424.85, 1746613, 1422
4125, 1, 83, 398, 233, 0, 0.02%, 0, 0, 8, 426.54, 1748829, 1422
4130, 1, 276, 398, 233, 0, 0.02%, 0, 0, 8, 435.06, 1751079, 1422
4135, 1, 276, 398, 233, 0, 0.02%, 0, 0, 8, 427.98, 1753277, 1422
4140, 1, 50, 398, 232, 0, 0.02%, 0, 0, 8, 422.17, 1755433, 1422
4145, 1, 106, 398, 232, 0, 0.02%, 0, 0, 8, 425.17, 1757637, 1422
4150, 1, 249, 398, 232, 0, 0.02%, 0, 0, 8, 425.52, 1759833, 1422
4155, 1, 268, 398, 232, 0, 0.02%, 0, 0, 8, 433.69, 1761996, 1422
4160, 1, 246, 398, 231, 0, 0.02%, 0, 0, 8, 426.09, 1764121, 1422
4166, 1, 354, 398, 231, 0, 0.02%, 0, 0, 8, 428.93, 1766358, 1422
4171, 1, 354, 398, 231, 0, 0.02%, 0, 0, 8, 426.12, 1768567, 1422
4176, 1, 311, 398, 230, 0, 0.02%, 0, 0, 8, 426.02, 1770773, 1422
4181, 1, 311, 398, 230, 0, 0.02%, 0, 0, 8, 426.13, 1772977, 1422
4186, 1, 323, 398, 230, 0, 0.02%, 0, 0, 8, 425.74, 1775181, 1422
4192, 1, 113, 398, 230, 0, 0.02%, 0, 0, 8, 425.35, 1777387, 1422
4197, 1, 106, 398, 230, 0, 0.02%, 0, 0, 8, 426.30, 1779589, 1422
4202, 1, 57, 398, 230, 0, 0.02%, 0, 0, 8, 425.97, 1781793, 1422
4207, 1, 57, 398, 230, 0, 0.02%, 0, 0, 8, 425.93, 1783923, 1422
4212, 1, 57, 398, 230, 0, 0.02%, 0, 0, 8, 426.95, 1786147, 1422
4217, 1, 107, 398, 230, 0, 0.02%, 0, 0, 8, 425.72, 1788279, 1422
4222, 1, 112, 398, 230, 0, 0.02%, 0, 0, 8, 423.72, 1790475, 1422
4228, 1, 55, 398, 230, 0, 0.02%, 0, 0, 8, 425.52, 1792693, 1422
4233, 1, 2, 398, 230, 0, 0.02%, 0, 0, 8, 425.52, 1794899, 1422
4238, 1, 2, 398, 230, 0, 0.02%, 0, 0, 8, 426.12, 1797110, 1422
4243, 1, 2, 398, 230, 0, 0.02%, 0, 0, 8, 426.79, 1799327, 1422
4248, 1, 2, 398, 230, 0, 0.02%, 0, 0, 8, 426.98, 1801543, 1422
4253, 1, 395, 398, 230, 0, 0.02%, 0, 0, 8, 424.68, 1803745, 1422
4259, 1, 395, 398, 230, 0, 0.02%, 0, 0, 8, 426.33, 1805961, 1422
4264, 1, 395, 398, 230, 0, 0.02%, 0, 0, 8, 426.92, 1808177, 1422
4269, 1, 395, 398, 230, 0, 0.02%, 0, 0, 8, 427.11, 1810396, 1422
4274, 1, 331, 398, 230, 0, 0.02%, 0, 0, 8, 425.91, 1812601, 1422
4279, 1, 247, 398, 230, 0, 0.02%, 0, 0, 8, 425.98, 1814743, 1422
4284, 1, 311, 398, 230, 0, 0.02%, 0, 0, 8, 424.35, 1816931, 1422
4290, 1, 239, 398, 230, 0, 0.02%, 0, 0, 8, 430.75, 1819163, 1422
4295, 1, 323, 398, 229, 0, 0.02%, 0, 0, 8, 418.48, 1821256, 1422
4300, 1, 98, 398, 229, 0, 0.02%, 0, 0, 8, 424.32, 1823460, 1422
4305, 1, 103, 398, 229, 0, 0.02%, 0, 0, 8, 426.19, 1825666, 1422
4310, 1, 152, 398, 229, 0, 0.02%, 0, 0, 8, 434.89, 1827926, 1422
4315, 1, 342, 398, 228, 0, 0.02%, 0, 0, 8, 425.38, 1830122, 1422
4321, 1, 342, 398, 228, 0, 0.02%, 0, 0, 8, 426.20, 1832339, 1422
4326, 1, 257, 398, 228, 0, 0.02%, 0, 0, 8, 425.77, 1834471, 1422
4331, 1, 257, 398, 228, 0, 0.02%, 0, 0, 8, 425.27, 1836672, 1422
4336, 1, 352, 398, 228, 0, 0.02%, 0, 0, 8, 425.46, 1838825, 1422
4341, 1, 352, 398, 228, 0, 0.02%, 0, 0, 8, 425.13, 1840953, 1422
4346, 1, 217, 398, 228, 0, 0.02%, 0, 0, 8, 422.76, 1843073, 1422
4351, 1, 323, 398, 228, 0, 0.02%, 0, 0, 8, 425.06, 1845277, 1422
4356, 1, 323, 398, 228, 0, 0.02%, 0, 0, 8, 425.52, 1847481, 1422
4361, 1, 121, 398, 228, 0, 0.02%, 0, 0, 8, 429.05, 1849688, 1422
4366, 1, 72, 398, 227, 0, 0.02%, 0, 0, 8, 423.40, 1851846, 1422
4372, 1, 2, 398, 226, 0, 0.02%, 0, 0, 8, 428.37, 1854103, 1422
4377, 1, 2, 398, 226, 0, 0.02%, 0, 0, 8, 421.90, 1856205, 1422
4382, 1, 2, 398, 226, 0, 0.02%, 0, 0, 8, 425.72, 1858421, 1422
4387, 1, 2, 398, 226, 0, 0.02%, 0, 0, 8, 426.66, 1860641, 1422
4392, 1, 323, 398, 226, 0, 0.02%, 0, 0, 8, 425.82, 1862856, 1422
4397, 1, 381, 398, 226, 0, 0.02%, 0, 0, 8, 425.45, 1865054, 1422
4403, 1, 381, 398, 226, 0, 0.02%, 0, 0, 8, 426.48, 1867266, 1422
4408, 1, 381, 399, 227, 0, 0.02%, 0, 0, 8, 424.42, 1869384, 1422
4413, 1, 381, 399, 227, 0, 0.02%, 0, 0, 8, 426.15, 1871580, 1422
4418, 1, 381, 399, 227, 0, 0.02%, 0, 0, 8, 426.53, 1873784, 1422
4423, 1, 330, 399, 227, 0, 0.02%, 0, 0, 8, 425.95, 1875998, 1422
4428, 1, 311, 399, 227, 0, 0.02%, 0, 0, 8, 426.37, 1878202, 1422
4433, 1, 50, 399, 227, 0, 0.02%, 0, 0, 8, 426.13, 1880406, 1422
4439, 1, 58, 400, 227, 0, 0.02%, 0, 0, 8, 427.30, 1882532, 1423
4444, 1, 57, 400, 226, 0, 0.02%, 0, 0, 8, 415.49, 1884693, 1423
4449, 1, 57, 400, 226, 0, 0.02%, 0, 0, 8, 421.49, 1886890, 1423
4454, 1, 57, 400, 226, 0, 0.02%, 0, 0, 8, 424.53, 1889022, 1423
4459, 1, 233, 400, 226, 0, 0.02%, 0, 0, 8, 424.88, 1891152, 1423
4464, 1, 327, 400, 226, 0, 0.02%, 0, 0, 8, 425.08, 1893357, 1423
4469, 1, 327, 400, 226, 0, 0.02%, 0, 0, 8, 424.37, 1895486, 1423
4474, 1, 121, 400, 226, 0, 0.02%, 0, 0, 8, 425.45, 1897699, 1423
4480, 1, 121, 400, 226, 0, 0.02%, 0, 0, 8, 426.92, 1899913, 1423
4485, 1, 2, 400, 226, 0, 0.02%, 0, 0, 8, 425.57, 1902129, 1423
4490, 1, 2, 400, 226, 0, 0.02%, 0, 0, 8, 426.52, 1904345, 1423
4495, 1, 2, 400, 226, 0, 0.02%, 0, 0, 8, 426.61, 1906561, 1423
4500, 1, 2, 400, 226, 0, 0.02%, 0, 0, 8, 425.01, 1908765, 1423
4505, 1, 323, 400, 226, 0, 0.02%, 0, 0, 8, 425.80, 1910977, 1423
4511, 1, 113, 400, 226, 0, 0.02%, 0, 0, 8, 425.51, 1913181, 1423
4516, 1, 110, 400, 226, 0, 0.02%, 0, 0, 8, 425.70, 1915371, 1423
4521, 1, 2, 400, 225, 0, 0.02%, 0, 0, 8, 420.37, 1917450, 1423
4526, 1, 2, 400, 225, 0, 0.02%, 0, 0, 8, 423.74, 1919662, 1423
4531, 1, 2, 400, 225, 0, 0.02%, 0, 0, 8, 422.84, 1921854, 1423
4536, 1, 2, 400, 225, 0, 0.02%, 0, 0, 8, 423.94, 1923982, 1423
4541, 1, 94, 400, 225, 0, 0.02%, 0, 0, 8, 425.06, 1926190, 1423
4547, 1, 246, 400, 225, 0, 0.02%, 0, 0, 8, 426.03, 1928394, 1423
4552, 1, 107, 400, 225, 0, 0.02%, 0, 0, 8, 425.67, 1930587, 1423
4557, 1, 311, 400, 225, 0, 0.02%, 0, 0, 8, 426.26, 1932791, 1423
4562, 1, 323, 400, 225, 0, 0.02%, 0, 0, 8, 424.26, 1934979, 1423
4567, 1, 246, 400, 225, 0, 0.02%, 0, 0, 8, 425.50, 1937115, 1423
4572, 1, 355, 400, 225, 0, 0.02%, 0, 0, 8, 426.24, 1939324, 1423
4578, 1, 355, 400, 225, 0, 0.02%, 0, 0, 8, 426.51, 1941541, 1423
4583, 1, 255, 400, 225, 0, 0.02%, 0, 0, 8, 428.43, 1943767, 1423
4588, 1, 339, 400, 224, 0, 0.02%, 0, 0, 8, 416.32, 1945869, 1423
4593, 1, 339, 400, 224, 0, 0.02%, 0, 0, 8, 422.86, 1948005, 1423
4598, 1, 257, 400, 224, 0, 0.02%, 0, 0, 8, 424.91, 1950215, 1423
4603, 1, 137, 400, 224, 0, 0.02%, 0, 0, 8, 425.29, 1952349, 1423
4608, 1, 388, 400, 224, 0, 0.02%, 0, 0, 8, 436.17, 1954553, 1423
4613, 1, 47, 400, 223, 0, 0.02%, 0, 0, 8, 427.28, 1956693, 1423
4618, 1, 2, 400, 223, 0, 0.02%, 0, 0, 8, 425.22, 1958899, 1423
4623, 1, 2, 400, 223, 0, 0.02%, 0, 0, 8, 424.89, 1961019, 1423
4629, 1, 2, 400, 223, 0, 0.02%, 0, 0, 8, 426.39, 1963235, 1423
4634, 1, 2, 400, 223, 0, 0.02%, 0, 0, 8, 426.98, 1965451, 1423
4639, 1, 257, 400, 223, 0, 0.02%, 0, 0, 8, 425.67, 1967582, 1423
4644, 1, 62, 400, 223, 0, 0.02%, 0, 0, 8, 425.43, 1969784, 1423
4649, 1, 306, 400, 222, 0, 0.02%, 0, 0, 8, 427.42, 1971946, 1423
4654, 1, 241, 400, 222, 0, 0.02%, 0, 0, 8, 423.46, 1974134, 1423
4659, 1, 330, 400, 222, 0, 0.02%, 0, 0, 8, 418.25, 1976235, 1423
4664, 1, 323, 400, 222, 0, 0.02%, 0, 0, 8, 399.93, 1978245, 1423
4669, 1, 113, 400, 222, 0, 0.02%, 0, 0, 8, 337.10, 1979888, 1423
4674, 1, 62, 400, 222, 0, 0.02%, 0, 0, 8, 387.24, 1981837, 1423
4679, 1, 395, 400, 222, 0, 0.02%, 0, 0, 8, 412.47, 1984007, 1423
4684, 1, 395, 400, 222, 0, 0.02%, 0, 0, 8, 418.21, 1986136, 1423
4689, 1, 395, 400, 222, 0, 0.02%, 0, 0, 8, 422.67, 1988264, 1423
4695, 1, 107, 400, 222, 0, 0.02%, 0, 0, 8, 424.20, 1990392, 1423
4700, 1, 247, 400, 222, 0, 0.02%, 0, 0, 8, 423.79, 1992588, 1423
4705, 1, 311, 400, 222, 0, 0.02%, 0, 0, 8, 421.32, 1994688, 1423
4710, 1, 231, 400, 222, 0, 0.02%, 0, 0, 8, 422.15, 1996804, 1423
4715, 1, 170, 400, 222, 0, 0.02%, 0, 0, 8, 419.25, 1998904, 1423
4720, 1, 250, 400, 222, 0, 0.02%, 0, 0, 8, 424.75, 2001028, 1423
4725, 1, 323, 400, 221, 0, 0.02%, 0, 0, 8, 411.43, 2003108, 1423
4730, 1, 334, 400, 221, 0, 0.02%, 0, 0, 8, 418.58, 2005217, 1423
4735, 1, 334, 400, 221, 0, 0.02%, 0, 0, 8, 421.89, 2007333, 1423
4740, 1, 154, 400, 221, 0, 0.02%, 0, 0, 8, 411.44, 2009399, 1423
4745, 1, 234, 400, 221, 0, 0.02%, 0, 0, 8, 419.09, 2011507, 1423
4750, 1, 311, 400, 221, 0, 0.02%, 0, 0, 8, 423.23, 2013703, 1423
4755, 1, 288, 400, 221, 0, 0.02%, 0, 0, 8, 421.38, 2015901, 1423
4760, 1, 47, 400, 221, 0, 0.02%, 0, 0, 8, 409.43, 2017951, 1423
4765, 1, 246, 400, 221, 0, 0.02%, 0, 0, 8, 411.48, 2020008, 1423
4771, 1, 113, 400, 221, 0, 0.02%, 0, 0, 8, 422.82, 2022218, 1423
4776, 1, 113, 400, 221, 0, 0.02%, 0, 0, 8, 421.29, 2024398, 1423
4781, 1, 113, 400, 221, 0, 0.02%, 0, 0, 8, 423.89, 2026594, 1423
4786, 1, 383, 400, 221, 0, 0.02%, 0, 0, 8, 420.71, 2028696, 1423
4791, 1, 383, 400, 221, 0, 0.02%, 0, 0, 8, 407.19, 2030720, 1423
4796, 1, 113, 400, 221, 0, 0.02%, 0, 0, 8, 406.98, 2032783, 1423
4801, 1, 366, 400, 221, 0, 0.02%, 0, 0, 8, 410.52, 2034853, 1423
4806, 1, 94, 400, 221, 0, 0.02%, 0, 0, 8, 403.08, 2036951, 1423
4811, 1, 327, 400, 221, 0, 0.02%, 0, 0, 8, 406.59, 2039067, 1423
4817, 1, 234, 400, 221, 0, 0.02%, 0, 0, 8, 420.17, 2041247, 1423
4822, 1, 323, 400, 221, 0, 0.02%, 0, 0, 8, 405.30, 2043345, 1423
4827, 1, 323, 400, 221, 0, 0.02%, 0, 0, 8, 397.64, 2045326, 1423
4832, 1, 5, 400, 221, 0, 0.02%, 0, 0, 8, 407.56, 2047385, 1423
4837, 1, 47, 400, 221, 0, 0.02%, 0, 0, 8, 415.38, 2049532, 1423
4842, 1, 185, 400, 221, 0, 0.02%, 0, 0, 8, 424.31, 2051687, 1423
4847, 1, 303, 400, 220, 0, 0.02%, 0, 0, 8, 406.74, 2053771, 1423
4852, 1, 189, 400, 220, 0, 0.02%, 0, 0, 8, 408.81, 2055847, 1423
4857, 1, 62, 400, 220, 0, 0.02%, 0, 0, 8, 416.65, 2057955, 1423
4863, 1, 306, 400, 220, 0, 0.02%, 0, 0, 8, 416.95, 2060138, 1423
4868, 1, 113, 400, 220, 0, 0.02%, 0, 0, 8, 404.83, 2062172, 1423
4873, 1, 129, 400, 220, 0, 0.02%, 0, 0, 8, 405.99, 2064216, 1423
4878, 1, 47, 400, 220, 0, 0.02%, 0, 0, 8, 416.93, 2066326, 1423
4883, 1, 113, 400, 220, 0, 0.02%, 0, 0, 8, 416.36, 2068424, 1423
4888, 1, 250, 400, 220, 0, 0.02%, 0, 0, 8, 404.47, 2070508, 1423
4893, 1, 227, 400, 220, 0, 0.02%, 0, 0, 8, 418.51, 2072617, 1423
4898, 1, 142, 400, 220, 0, 0.02%, 0, 0, 8, 417.27, 2074791, 1423
4903, 1, 5, 400, 220, 0, 0.02%, 0, 0, 8, 417.86, 2076879, 1423
4908, 1, 250, 400, 220, 0, 0.02%, 0, 0, 8, 407.80, 2078915, 1423
4913, 1, 2, 400, 220, 0, 0.02%, 0, 0, 8, 407.73, 2080984, 1423
4918, 1, 2, 400, 220, 0, 0.02%, 0, 0, 8, 405.31, 2083040, 1423
4923, 1, 2, 400, 220, 0, 0.02%, 0, 0, 8, 415.65, 2085120, 1423
4928, 1, 2, 400, 220, 0, 0.02%, 0, 0, 8, 416.36, 2087233, 1423
4933, 1, 352, 400, 220, 0, 0.02%, 0, 0, 8, 420.31, 2089347, 1423
4938, 1, 352, 400, 220, 0, 0.02%, 0, 0, 8, 419.44, 2091512, 1423
4944, 1, 311, 400, 220, 0, 0.02%, 0, 0, 8, 404.58, 2093626, 1423
4949, 1, 95, 400, 220, 0, 0.02%, 0, 0, 8, 415.82, 2095740, 1423
4954, 1, 95, 400, 220, 0, 0.02%, 0, 0, 8, 422.58, 2097864, 1423
4959, 1, 95, 400, 220, 0, 0.02%, 0, 0, 8, 420.21, 2099976, 1423
4964, 1, 367, 400, 220, 0, 0.02%, 0, 0, 8, 421.21, 2102088, 1423
4969, 1, 250, 400, 220, 0, 0.02%, 0, 0, 8, 418.78, 2104188, 1423
4974, 1, 334, 400, 220, 0, 0.02%, 0, 0, 8, 423.78, 2106395, 1423
4979, 1, 334, 400, 220, 0, 0.02%, 0, 0, 8, 423.91, 2108523, 1423
4984, 1, 323, 400, 220, 0, 0.02%, 0, 0, 8, 424.35, 2110721, 1423
4989, 1, 58, 400, 220, 0, 0.02%, 0, 0, 8, 416.51, 2112805, 1423
4994, 1, 250, 400, 220, 0, 0.02%, 0, 0, 8, 420.84, 2114921, 1423
4999, 1, 50, 400, 220, 0, 0.02%, 0, 0, 8, 422.05, 2117117, 1423
5004, 1, 399, 400, 220, 0, 0.02%, 0, 0, 8, 422.36, 2119239, 1423
5009, 1, 399, 400, 220, 0, 0.02%, 0, 0, 8, 423.18, 2121362, 1423
5014, 1, 399, 400, 220, 0, 0.02%, 0, 0, 8, 424.32, 2123491, 1423
5019, 1, 399, 400, 220, 0, 0.02%, 0, 0, 8, 416.01, 2125587, 1423
5025, 1, 47, 400, 220, 0, 0.02%, 0, 0, 8, 414.21, 2127677, 1423
5030, 1, 372, 401, 221, 0, 0.02%, 0, 0, 8, 411.82, 2129720, 1423
5035, 1, 372, 401, 221, 0, 0.02%, 0, 0, 8, 422.87, 2131933, 1423
5040, 1, 66, 401, 221, 0, 0.02%, 0, 0, 8, 424.97, 2134138, 1423
5045, 1, 323, 401, 221, 0, 0.02%, 0, 0, 8, 425.05, 2136344, 1423
5050, 1, 216, 401, 221, 0, 0.02%, 0, 0, 8, 417.45, 2138426, 1423
5055, 1, 216, 401, 221, 0, 0.02%, 0, 0, 8, 420.77, 2140551, 1423
5060, 1, 216, 401, 221, 0, 0.02%, 0, 0, 8, 424.13, 2142693, 1423
5065, 1, 246, 401, 221, 0, 0.02%, 0, 0, 8, 424.93, 2144906, 1423
5071, 1, 129, 401, 221, 0, 0.02%, 0, 0, 8, 426.54, 2147105, 1423
5076, 1, 113, 401, 221, 0, 0.02%, 0, 0, 8, 425.43, 2149311, 1423
5081, 1, 150, 401, 221, 0, 0.02%, 0, 0, 8, 429.37, 2151553, 1423
5086, 1, 334, 401, 220, 0, 0.02%, 0, 0, 8, 426.08, 2153755, 1423
5091, 1, 334, 401, 220, 0, 0.02%, 0, 0, 8, 425.84, 2155883, 1423
5096, 1, 339, 401, 220, 0, 0.02%, 0, 0, 8, 423.03, 2158076, 1423
5101, 1, 339, 401, 220, 0, 0.02%, 0, 0, 8, 411.54, 2160132, 1423
5106, 1, 131, 401, 220, 0, 0.02%, 0, 0, 8, 428.36, 2162337, 1423
5112, 1, 47, 401, 219, 0, 0.02%, 0, 0, 8, 421.80, 2164477, 1423
5117, 1, 107, 401, 219, 0, 0.02%, 0, 0, 8, 422.96, 2166673, 1423
5122, 1, 203, 401, 219, 0, 0.02%, 0, 0, 8, 420.63, 2168859, 1423
5127, 1, 203, 401, 219, 0, 0.02%, 0, 0, 8, 423.94, 2170983, 1423
5132, 1, 203, 401, 219, 0, 0.02%, 0, 0, 8, 421.95, 2173103, 1423
5137, 1, 79, 401, 219, 0, 0.02%, 0, 0, 8, 423.99, 2175313, 1423
5142, 1, 79, 401, 219, 0, 0.02%, 0, 0, 8, 420.60, 2177509, 1423
5147, 1, 79, 401, 219, 0, 0.02%, 0, 0, 8, 424.83, 2179645, 1423
5153, 1, 355, 401, 219, 0, 0.02%, 0, 0, 8, 419.43, 2181837, 1423
5158, 1, 355, 401, 219, 0, 0.02%, 0, 0, 8, 421.18, 2183941, 1423
5163, 1, 106, 401, 219, 0, 0.02%, 0, 0, 8, 403.03, 2185948, 1423
5168, 1, 121, 401, 219, 0, 0.02%, 0, 0, 8, 383.12, 2187925, 1423
5173, 1, 331, 401, 219, 0, 0.02%, 0, 0, 8, 400.80, 2189918, 1423
5178, 1, 113, 401, 219, 0, 0.02%, 0, 0, 8, 410.55, 2192020, 1423
5183, 1, 323, 401, 219, 0, 0.02%, 0, 0, 8, 407.07, 2194122, 1423
5188, 1, 47, 401, 219, 0, 0.02%, 0, 0, 8, 413.28, 2196204, 1423
5193, 1, 113, 401, 219, 0, 0.02%, 0, 0, 8, 412.85, 2198272, 1423
5198, 1, 98, 401, 219, 0, 0.02%, 0, 0, 8, 415.13, 2200372, 1423
5203, 1, 129, 401, 219, 0, 0.02%, 0, 0, 8, 414.23, 2202458, 1423
5208, 1, 296, 401, 219, 0, 0.02%, 0, 0, 8, 415.15, 2204558, 1423
5213, 1, 296, 401, 219, 0, 0.02%, 0, 0, 8, 413.21, 2206703, 1423
5219, 1, 113, 401, 219, 0, 0.02%, 0, 0, 8, 410.99, 2208757, 1423
5224, 1, 165, 401, 219, 0, 0.02%, 0, 0, 8, 408.41, 2210853, 1423
5229, 1, 102, 401, 218, 0, 0.02%, 0, 0, 8, 411.22, 2212899, 1423
5234, 1, 39, 401, 218, 0, 0.02%, 0, 0, 8, 416.66, 2214997, 1423
5239, 1, 303, 401, 218, 0, 0.02%, 0, 0, 8, 417.80, 2217143, 1423
5244, 1, 2, 401, 218, 0, 0.02%, 0, 0, 8, 419.01, 2219241, 1423
5249, 1, 2, 401, 218, 0, 0.02%, 0, 0, 8, 417.16, 2221327, 1423
5254, 1, 2, 401, 218, 0, 0.02%, 0, 0, 8, 419.28, 2223431, 1423
5259, 1, 2, 401, 218, 0, 0.02%, 0, 0, 8, 421.91, 2225559, 1423
5264, 1, 2, 401, 218, 0, 0.02%, 0, 0, 8, 420.67, 2227663, 1423
5269, 1, 267, 401, 218, 0, 0.02%, 0, 0, 8, 416.95, 2229754, 1423
5274, 1, 267, 401, 218, 0, 0.02%, 0, 0, 8, 420.52, 2231923, 1423
5279, 1, 140, 401, 218, 0, 0.02%, 0, 0, 8, 419.51, 2234032, 1423
5284, 1, 103, 401, 218, 0, 0.02%, 0, 0, 8, 419.76, 2236148, 1423
5289, 1, 206, 401, 218, 0, 0.02%, 0, 0, 8, 421.41, 2238256, 1423
5294, 1, 113, 401, 218, 0, 0.02%, 0, 0, 8, 422.84, 2240432, 1423
5299, 1, 246, 401, 218, 0, 0.02%, 0, 0, 8, 421.27, 2242602, 1423
5305, 1, 323, 401, 218, 0, 0.02%, 0, 0, 8, 422.60, 2244794, 1423
5310, 1, 113, 401, 218, 0, 0.02%, 0, 0, 8, 422.41, 2246901, 1423
5315, 1, 193, 401, 218, 0, 0.02%, 0, 0, 8, 421.13, 2249095, 1423
5320, 1, 247, 401, 218, 0, 0.02%, 0, 0, 8, 422.44, 2251211, 1423
5325, 1, 195, 401, 218, 0, 0.02%, 0, 0, 8, 421.76, 2253325, 1423
5330, 1, 195, 401, 218, 0, 0.02%, 0, 0, 8, 422.08, 2255441, 1423
5335, 1, 195, 401, 218, 0, 0.02%, 0, 0, 8, 423.05, 2257569, 1423
5340, 1, 246, 401, 218, 0, 0.02%, 0, 0, 8, 422.73, 2259766, 1423
5345, 1, 207, 401, 218, 0, 0.02%, 0, 0, 8, 427.53, 2262008, 1423
5350, 1, 367, 401, 217, 0, 0.02%, 0, 0, 8, 422.83, 2264124, 1423
5355, 1, 50, 401, 217, 0, 0.02%, 0, 0, 8, 420.33, 2266232, 1423
5360, 1, 142, 401, 217, 0, 0.02%, 0, 0, 8, 417.36, 2268324, 1423
5366, 1, 330, 401, 217, 0, 0.02%, 0, 0, 8, 421.01, 2270509, 1423
5371, 1, 5, 401, 217, 0, 0.02%, 0, 0, 8, 420.81, 2272619, 1423
5376, 1, 342, 401, 217, 0, 0.02%, 0, 0, 8, 421.70, 2274818, 1423
5381, 1, 342, 401, 217, 0, 0.02%, 0, 0, 8, 423.14, 2277018, 1423
5386, 1, 2, 401, 217, 0, 0.02%, 0, 0, 8, 422.96, 2279134, 1423
5391, 1, 2, 401, 217, 0, 0.02%, 0, 0, 8, 420.85, 2281230, 1423
5396, 1, 2, 401, 217, 0, 0.02%, 0, 0, 8, 420.63, 2283358, 1423
5401, 1, 257, 401, 217, 0, 0.02%, 0, 0, 8, 421.48, 2285473, 1423
5406, 1, 256, 401, 217, 0, 0.02%, 0, 0, 8, 421.11, 2287666, 1423
5411, 1, 355, 401, 217, 0, 0.02%, 0, 0, 8, 422.63, 2289865, 1423
5416, 1, 355, 401, 217, 0, 0.02%, 0, 0, 8, 413.80, 2291921, 1423
5421, 1, 275, 401, 217, 0, 0.02%, 0, 0, 8, 404.02, 2293925, 1423
5427, 1, 275, 401, 217, 0, 0.02%, 0, 0, 8, 407.87, 2295985, 1423
5432, 1, 246, 401, 217, 0, 0.02%, 0, 0, 8, 415.39, 2298082, 1423
5437, 1, 50, 401, 217, 0, 0.02%, 0, 0, 8, 415.63, 2300162, 1423
5442, 1, 193, 401, 217, 0, 0.02%, 0, 0, 8, 412.57, 2302246, 1423
5447, 1, 203, 401, 217, 0, 0.02%, 0, 0, 8, 417.81, 2304352, 1423
5452, 1, 203, 401, 217, 0, 0.02%, 0, 0, 8, 412.41, 2306443, 1423
5457, 1, 113, 401, 217, 0, 0.02%, 0, 0, 8, 417.36, 2308555, 1423
5462, 1, 313, 401, 217, 0, 0.02%, 0, 0, 8, 415.69, 2310644, 1423
5467, 1, 227, 401, 216, 0, 0.02%, 0, 0, 8, 412.70, 2312683, 1423
5472, 1, 323, 401, 216, 0, 0.02%, 0, 0, 8, 412.49, 2314775, 1423
5477, 1, 83, 401, 216, 0, 0.02%, 0, 0, 8, 414.81, 2316864, 1423
5482, 1, 83, 401, 216, 0, 0.02%, 0, 0, 8, 417.37, 2318955, 1423
5487, 1, 193, 401, 216, 0, 0.02%, 0, 0, 8, 416.65, 2321066, 1423
5492, 1, 229, 402, 217, 0, 0.02%, 0, 0, 8, 428.12, 2323205, 1423
5497, 1, 229, 402, 217, 0, 0.02%, 0, 0, 8, 418.01, 2325311, 1423
5502, 1, 251, 402, 216, 0, 0.02%, 0, 0, 8, 418.60, 2327413, 1423
5507, 1, 311, 402, 216, 0, 0.02%, 0, 0, 8, 417.10, 2329521, 1423
5512, 1, 293, 402, 216, 0, 0.02%, 0, 0, 8, 416.28, 2331612, 1423
5517, 1, 129, 402, 216, 0, 0.02%, 0, 0, 8, 419.23, 2333729, 1423
5522, 1, 342, 402, 216, 0, 0.02%, 0, 0, 8, 416.66, 2335830, 1423
5527, 1, 342, 402, 216, 0, 0.02%, 0, 0, 8, 419.72, 2338011, 1423
5533, 1, 355, 402, 216, 0, 0.02%, 0, 0, 8, 417.18, 2340151, 1423
5538, 1, 355, 402, 216, 0, 0.02%, 0, 0, 8, 419.60, 2342332, 1423
5543, 1, 87, 402, 216, 0, 0.02%, 0, 0, 8, 422.88, 2344512, 1423
5548, 1, 91, 402, 215, 0, 0.02%, 0, 0, 8, 422.35, 2346636, 1423
5553, 1, 311, 402, 215, 0, 0.02%, 0, 0, 8, 419.92, 2348730, 1423
5558, 1, 395, 402, 215, 0, 0.02%, 0, 0, 8, 418.72, 2350834, 1423
5563, 1, 395, 402, 215, 0, 0.02%, 0, 0, 8, 420.41, 2352946, 1423
5568, 1, 323, 403, 215, 0, 0.02%, 0, 0, 8, 410.92, 2355079, 1425
5573, 1, 293, 403, 215, 0, 0.02%, 0, 0, 8, 400.61, 2357129, 1425
5578, 1, 372, 403, 215, 0, 0.02%, 0, 0, 8, 413.00, 2359229, 1425
5583, 1, 240, 403, 215, 0, 0.02%, 0, 0, 8, 417.97, 2361341, 1425
5588, 1, 170, 403, 215, 0, 0.02%, 0, 0, 8, 415.95, 2363427, 1425
5594, 1, 323, 403, 215, 0, 0.02%, 0, 0, 8, 417.22, 2365535, 1425
5599, 1, 394, 403, 215, 0, 0.02%, 0, 0, 8, 414.22, 2367615, 1425
5604, 1, 394, 403, 215, 0, 0.02%, 0, 0, 8, 410.85, 2369703, 1425
5609, 1, 394, 403, 215, 0, 0.02%, 0, 0, 8, 416.85, 2371815, 1425
5614, 1, 394, 403, 215, 0, 0.02%, 0, 0, 8, 418.75, 2373915, 1425
5619, 1, 394, 403, 215, 0, 0.02%, 0, 0, 8, 418.66, 2376023, 1425
5624, 1, 394, 403, 215, 0, 0.02%, 0, 0, 8, 419.73, 2378127, 1425
5629, 1, 394, 403, 215, 0, 0.02%, 0, 0, 8, 419.85, 2380235, 1425
5634, 1, 394, 403, 215, 0, 0.02%, 0, 0, 8, 414.58, 2382327, 1425
5639, 1, 394, 403, 215, 0, 0.02%, 0, 0, 8, 418.44, 2384431, 1425
5644, 1, 394, 403, 215, 0, 0.02%, 0, 0, 8, 404.94, 2386475, 1425
5649, 1, 394, 403, 215, 0, 0.02%, 0, 0, 8, 410.90, 2388535, 1425
5654, 1, 394, 403, 215, 0, 0.02%, 0, 0, 8, 417.91, 2390647, 1425
5659, 1, 88, 403, 215, 0, 0.02%, 0, 0, 8, 417.40, 2392759, 1425
5664, 1, 193, 403, 215, 0, 0.02%, 0, 0, 8, 418.36, 2394893, 1425
5669, 1, 253, 403, 215, 0, 0.02%, 0, 0, 8, 416.17, 2396993, 1425
5674, 1, 129, 403, 215, 0, 0.02%, 0, 0, 8, 417.23, 2399103, 1425
5679, 1, 98, 403, 215, 0, 0.02%, 0, 0, 8, 416.51, 2401201, 1425
5684, 1, 379, 403, 215, 0, 0.02%, 0, 0, 8, 430.04, 2403357, 1425
5689, 1, 379, 403, 215, 0, 0.02%, 0, 0, 8, 422.46, 2405469, 1425
5694, 1, 311, 403, 214, 0, 0.02%, 0, 0, 8, 419.24, 2407591, 1425
5699, 1, 71, 403, 214, 0, 0.02%, 0, 0, 8, 408.70, 2409629, 1425
5704, 1, 237, 403, 214, 0, 0.02%, 0, 0, 8, 412.28, 2411712, 1425
5709, 1, 39, 403, 214, 0, 0.02%, 0, 0, 8, 415.68, 2413799, 1425
5715, 1, 39, 403, 214, 0, 0.02%, 0, 0, 8, 417.81, 2415903, 1425
5720, 1, 230, 403, 214, 0, 0.02%, 0, 0, 8, 423.58, 2418133, 1425
5725, 1, 384, 403, 213, 0, 0.02%, 0, 0, 8, 412.30, 2420200, 1425
5730, 1, 5, 403, 211, 0, 0.02%, 0, 0, 8, 418.37, 2422405, 1425
5735, 1, 50, 403, 211, 0, 0.02%, 0, 0, 8, 417.59, 2424505, 1425
5740, 1, 281, 403, 211, 0, 0.02%, 0, 0, 8, 415.91, 2426621, 1425
5745, 1, 323, 403, 211, 0, 0.02%, 0, 0, 8, 415.48, 2428731, 1425
5750, 1, 113, 403, 211, 0, 0.02%, 0, 0, 8, 417.15, 2430846, 1425
5755, 1, 389, 404, 212, 0, 0.02%, 0, 0, 8, 418.30, 2432956, 1425
5760, 1, 389, 405, 213, 0, 0.02%, 0, 0, 8, 416.99, 2435060, 1425
5765, 1, 252, 405, 212, 0, 0.02%, 0, 0, 8, 413.66, 2437166, 1425
5770, 1, 294, 405, 212, 0, 0.02%, 0, 0, 8, 412.29, 2439217, 1425
5775, 1, 294, 405, 212, 0, 0.02%, 0, 0, 8, 413.16, 2441307, 1425
5781, 1, 294, 405, 212, 0, 0.02%, 0, 0, 8, 415.55, 2443404, 1425
5786, 1, 294, 405, 212, 0, 0.02%, 0, 0, 8, 413.88, 2445484, 1425
5791, 1, 254, 405, 212, 0, 0.02%, 0, 0, 8, 414.68, 2447557, 1425
5796, 1, 57, 405, 211, 0, 0.02%, 0, 0, 8, 412.47, 2449663, 1425
5801, 1, 57, 405, 211, 0, 0.02%, 0, 0, 8, 415.97, 2451763, 1425
5806, 1, 57, 405, 211, 0, 0.02%, 0, 0, 8, 410.82, 2453831, 1425
5811, 1, 112, 405, 211, 0, 0.02%, 0, 0, 8, 415.47, 2455933, 1425
5816, 1, 240, 405, 211, 0, 0.02%, 0, 0, 8, 415.33, 2458037, 1425
5821, 1, 222, 405, 211, 0, 0.02%, 0, 0, 8, 410.42, 2460107, 1425
5826, 1, 84, 405, 211, 0, 0.02%, 0, 0, 8, 409.71, 2462208, 1425
5831, 1, 170, 405, 211, 0, 0.02%, 0, 0, 8, 407.62, 2464250, 1425
5836, 1, 392, 405, 211, 0, 0.02%, 0, 0, 8, 414.61, 2466358, 1425
5841, 1, 113, 405, 211, 0, 0.02%, 0, 0, 8, 417.11, 2468458, 1425
5846, 1, 47, 405, 211, 0, 0.02%, 0, 0, 8, 419.03, 2470576, 1425
5851, 1, 355, 405, 211, 0, 0.02%, 0, 0, 8, 415.68, 2472675, 1425
5856, 1, 355, 405, 211, 0, 0.02%, 0, 0, 8, 415.96, 2474816, 1425
5862, 1, 100, 406, 212, 0, 0.02%, 0, 0, 8, 418.14, 2476975, 1425
5867, 1, 100, 406, 212, 0, 0.02%, 0, 0, 8, 419.83, 2479081, 1425
5872, 1, 100, 406, 212, 0, 0.02%, 0, 0, 8, 420.62, 2481189, 1425
5877, 1, 311, 406, 212, 0, 0.02%, 0, 0, 8, 417.94, 2483286, 1425
5882, 1, 306, 406, 212, 0, 0.02%, 0, 0, 8, 415.58, 2485361, 1425
5887, 1, 331, 406, 212, 0, 0.02%, 0, 0, 8, 410.02, 2487402, 1425
5892, 1, 47, 406, 212, 0, 0.02%, 0, 0, 8, 413.61, 2489496, 1425
5897, 1, 113, 406, 212, 0, 0.02%, 0, 0, 8, 409.34, 2491548, 1425
5902, 1, 216, 406, 212, 0, 0.02%, 0, 0, 8, 413.76, 2493626, 1425
5907, 1, 311, 406, 212, 0, 0.02%, 0, 0, 8, 413.41, 2495711, 1425
5912, 1, 311, 406, 212, 0, 0.02%, 0, 0, 8, 416.63, 2497819, 1425
5917, 1, 257, 406, 212, 0, 0.02%, 0, 0, 8, 417.00, 2499916, 1425
5922, 1, 103, 406, 212, 0, 0.02%, 0, 0, 8, 416.76, 2502012, 1425
5927, 1, 106, 406, 212, 0, 0.02%, 0, 0, 8, 417.37, 2504122, 1425
5932, 1, 246, 406, 212, 0, 0.02%, 0, 0, 8, 414.64, 2506222, 1425
5937, 1, 113, 406, 212, 0, 0.02%, 0, 0, 8, 416.26, 2508315, 1425
5942, 1, 297, 406, 212, 0, 0.02%, 0, 0, 8, 411.56, 2510403, 1425
5947, 1, 297, 406, 212, 0, 0.02%, 0, 0, 8, 399.46, 2512441, 1425
5952, 1, 297, 406, 212, 0, 0.02%, 0, 0, 8, 395.72, 2514447, 1425
5957, 1, 297, 406, 212, 0, 0.02%, 0, 0, 8, 402.40, 2516469, 1425
5962, 1, 297, 406, 212, 0, 0.02%, 0, 0, 8, 414.08, 2518565, 1425
5967, 1, 297, 406, 212, 0, 0.02%, 0, 0, 8, 411.66, 2520637, 1425
5973, 1, 250, 406, 212, 0, 0.02%, 0, 0, 8, 414.98, 2522737, 1425
5978, 1, 30, 406, 212, 0, 0.02%, 0, 0, 8, 406.59, 2524793, 1425
5983, 1, 100, 406, 212, 0, 0.02%, 0, 0, 8, 413.91, 2526897, 1425
5988, 1, 100, 406, 212, 0, 0.02%, 0, 0, 8, 410.45, 2528949, 1425
5993, 1, 100, 406, 212, 0, 0.02%, 0, 0, 8, 416.18, 2531045, 1425
5998, 1, 2, 406, 212, 0, 0.02%, 0, 0, 8, 415.52, 2533143, 1425
6003, 1, 2, 406, 212, 0, 0.02%, 0, 0, 8, 415.50, 2535239, 1425
6008, 1, 2, 406, 212, 0, 0.02%, 0, 0, 8, 417.63, 2537335, 1425
6013, 1, 2, 406, 212, 0, 0.02%, 0, 0, 8, 414.65, 2539423, 1425
6018, 1, 113, 406, 212, 0, 0.02%, 0, 0, 8, 394.06, 2541333, 1425
6023, 1, 233, 406, 212, 0, 0.02%, 0, 0, 8, 412.18, 2543437, 1425
6028, 1, 311, 406, 212, 0, 0.02%, 0, 0, 8, 414.06, 2545545, 1425
6033, 1, 95, 406, 212, 0, 0.02%, 0, 0, 8, 415.72, 2547707, 1425
6038, 1, 95, 406, 212, 0, 0.02%, 0, 0, 8, 418.18, 2549812, 1425
6043, 1, 111, 406, 212, 0, 0.02%, 0, 0, 8, 418.20, 2551967, 1425
6048, 1, 111, 406, 212, 0, 0.02%, 0, 0, 8, 416.91, 2554081, 1425
6053, 1, 111, 406, 212, 0, 0.02%, 0, 0, 8, 419.00, 2556182, 1425
6059, 1, 50, 406, 212, 0, 0.02%, 0, 0, 8, 417.91, 2558287, 1425
6064, 1, 227, 406, 212, 0, 0.02%, 0, 0, 8, 418.91, 2560389, 1425
6069, 1, 227, 406, 212, 0, 0.02%, 0, 0, 8, 415.66, 2562547, 1425
6074, 1, 113, 406, 212, 0, 0.02%, 0, 0, 8, 416.33, 2564654, 1425
6079, 1, 402, 406, 212, 0, 0.02%, 0, 0, 8, 417.94, 2566754, 1425
6084, 1, 402, 406, 212, 0, 0.02%, 0, 0, 8, 419.18, 2568866, 1425
6089, 1, 402, 406, 212, 0, 0.02%, 0, 0, 8, 419.47, 2570962, 1425
6094, 1, 402, 406, 212, 0, 0.02%, 0, 0, 8, 415.84, 2573050, 1425
6099, 1, 113, 406, 212, 0, 0.02%, 0, 0, 8, 417.88, 2575170, 1425
6104, 1, 257, 406, 212, 0, 0.02%, 0, 0, 8, 417.62, 2577344, 1425
6109, 1, 237, 406, 212, 0, 0.02%, 0, 0, 8, 419.66, 2579459, 1425
6114, 1, 113, 406, 212, 0, 0.02%, 0, 0, 8, 416.08, 2581545, 1425
6119, 1, 362, 406, 212, 0, 0.02%, 0, 0, 8, 425.07, 2583678, 1425
6124, 1, 362, 407, 213, 0, 0.02%, 0, 0, 8, 419.62, 2585795, 1425
6129, 1, 297, 407, 212, 0, 0.02%, 0, 0, 8, 415.60, 2587900, 1425
6134, 1, 297, 407, 212, 0, 0.02%, 0, 0, 8, 418.05, 2589993, 1425
6139, 1, 201, 407, 212, 0, 0.02%, 0, 0, 8, 427.11, 2592173, 1425
6145, 1, 201, 407, 212, 0, 0.02%, 0, 0, 8, 423.51, 2594297, 1425
6150, 1, 62, 407, 211, 0, 0.02%, 0, 0, 8, 414.77, 2596373, 1425
6155, 1, 137, 407, 211, 0, 0.02%, 0, 0, 8, 417.89, 2598489, 1425
6160, 1, 281, 407, 211, 0, 0.02%, 0, 0, 8, 417.70, 2600597, 1425
6165, 1, 323, 407, 211, 0, 0.02%, 0, 0, 8, 414.51, 2602705, 1425
6170, 1, 323, 407, 211, 0, 0.02%, 0, 0, 8, 413.86, 2604797, 1425
6175, 1, 258, 407, 211, 0, 0.02%, 0, 0, 8, 411.40, 2606873, 1425
6180, 1, 258, 407, 211, 0, 0.02%, 0, 0, 8, 401.29, 2608905, 1425
6185, 1, 303, 407, 211, 0, 0.02%, 0, 0, 8, 411.86, 2611058, 1425
6190, 1, 370, 407, 211, 0, 0.02%, 0, 0, 8, 415.90, 2613238, 1425
6196, 1, 40, 407, 210, 0, 0.02%, 0, 0, 8, 411.11, 2615374, 1425
6201, 2, 322, 407, 209, 0, 0.02%, 0, 0, 8, 403.83, 2617395, 1425
6206, 2, 246, 407, 209, 0, 0.02%, 0, 0, 8, 407.97, 2619479, 1425
6211, 2, 322, 407, 209, 0, 0.02%, 0, 0, 8, 405.28, 2621508, 1425
6216, 2, 330, 407, 209, 0, 0.02%, 0, 0, 8, 404.77, 2623551, 1425
6221, 2, 2, 407, 209, 0, 0.02%, 0, 0, 8, 412.72, 2625650, 1425
6226, 2, 2, 407, 209, 0, 0.02%, 0, 0, 8, 415.62, 2627754, 1425
6231, 2, 2, 408, 210, 0, 0.02%, 0, 0, 8, 407.70, 2629822, 1432
6236, 2, 2, 408, 210, 0, 0.02%, 0, 0, 8, 409.21, 2631905, 1432
6241, 2, 106, 408, 209, 0, 0.02%, 0, 0, 8, 445.91, 2634233, 1432
6246, 2, 275, 408, 209, 0, 0.02%, 0, 0, 8, 408.61, 2636303, 1432
6251, 2, 323, 408, 209, 0, 0.02%, 0, 0, 8, 411.02, 2638385, 1432
6256, 2, 161, 408, 209, 0, 0.02%, 0, 0, 8, 430.64, 2640545, 1432
6261, 2, 161, 408, 209, 0, 0.02%, 0, 0, 8, 411.64, 2642556, 1432
